The results of brotli-native--1
3.169
3.395
2.066
2.086
3.303
3.315
3.357
2.869
3.181
3.433
3.028
3.419
3.188
3.636
3.308
3.252
3.371
3.285
2.988
3.376
3.243
3.437
3.022
2.070
3.312
3.267
3.367
2.874
3.132
3.372
3.149
3.440
2.504
2.844
3.340
3.245
3.383
2.900
3.171
3.450
3.167
3.486
3.160
3.129
3.307
3.303
3.363
3.259
3.222
3.448
3.194
3.455
3.264
3.297
3.308
2.826
3.337
3.261
3.230
3.510
3.185
3.426
3.018
3.173
3.332
2.870
2.733
3.275
3.262
3.417
3.233
3.472
3.238
3.155
3.324
3.273
3.294
3.269
2.971
3.439
2.945
3.424
3.249
3.131
3.390
3.258
3.341
3.235
2.901
3.428
3.013
3.423
3.256
3.212
3.323
3.260
3.382
3.249
3.281
3.468
The results of brotli-slh--1
4.214
4.614
4.424
4.461
4.475
4.485
4.507
4.452
4.144
4.592
4.391
4.630
4.047
4.314
4.102
4.462
4.507
4.472
4.448
4.579
4.202
4.529
4.455
4.015
4.469
4.058
4.470
4.467
4.190
4.609
4.208
4.575
4.391
4.317
4.042
4.480
4.496
4.074
4.174
3.592
4.363
4.651
4.427
4.401
4.114
4.013
3.978
4.490
4.430
4.582
4.227
4.540
4.391
4.490
4.088
4.443
4.038
4.054
4.183
4.630
4.249
3.472
4.120
4.406
4.458
4.455
4.066
4.114
4.442
4.569
4.384
4.558
4.060
4.432
4.422
4.066
4.560
4.507
4.473
4.517
4.380
4.582
4.407
4.376
4.420
4.459
4.509
4.465
4.355
4.565
4.382
4.617
4.363
4.381
4.123
4.498
4.544
4.496
4.125
4.644
The results of brotli-patched--1
10.537
10.306
10.495
9.822
10.507
10.545
10.505
10.786
10.677
10.536
10.374
10.383
10.468
10.525
10.509
10.158
10.056
9.673
10.639
10.513
10.504
10.285
10.035
10.602
10.546
10.638
10.528
10.734
9.869
10.041
10.518
10.363
10.020
10.558
10.623
10.526
10.564
10.720
10.605
10.378
10.511
10.287
10.510
10.570
10.157
10.606
10.486
10.800
10.655
10.342
10.450
10.231
10.437
10.620
10.160
10.157
10.607
10.769
10.729
10.399
10.271
10.121
10.394
10.541
10.101
10.581
10.769
10.967
10.618
9.987
10.265
10.209
10.433
10.702
10.460
10.167
10.143
10.779
10.713
10.439
10.217
10.164
10.247
10.497
10.557
10.657
10.592
10.853
10.663
10.477
10.528
10.352
10.522
10.628
10.606
10.200
10.521
10.806
9.960
10.287
The results of brotli-percent-0
3.656
3.692
3.603
3.613
3.683
3.544
3.583
3.721
3.685
3.718
3.727
3.598
3.650
3.537
3.733
3.719
3.585
3.812
3.740
3.804
3.674
3.635
3.669
3.590
3.813
3.648
3.600
3.731
3.704
3.765
3.630
3.650
3.615
3.599
3.712
3.622
3.699
3.649
3.515
3.783
3.637
3.674
3.607
3.706
3.752
3.695
3.632
3.743
3.728
3.716
3.671
3.722
3.732
3.672
3.768
3.707
3.631
3.729
3.762
3.700
3.611
3.660
3.617
3.681
3.761
3.722
3.668
3.743
3.537
3.674
3.677
3.667
3.650
3.612
3.749
3.679
3.732
3.806
3.687
3.810
3.682
3.626
3.601
3.603
3.766
3.654
3.623
3.640
3.617
3.453
3.597
3.651
3.677
3.709
3.802
3.535
3.675
3.763
3.675
3.769
The results of brotli-percent-1
3.723
3.660
3.642
3.751
3.767
3.525
3.702
3.744
3.755
3.707
3.708
3.704
3.648
3.692
3.615
3.700
3.676
3.778
3.651
3.710
3.688
3.669
3.624
3.589
3.774
3.653
3.684
3.767
3.781
3.515
3.710
3.560
3.431
3.608
3.718
3.507
3.649
3.786
3.582
3.736
3.643
3.647
3.617
3.449
3.820
3.582
3.631
3.803
3.605
3.730
3.627
3.670
3.630
3.701
3.777
3.723
3.721
3.748
3.677
3.776
3.714
3.627
3.607
3.759
3.700
3.577
3.663
3.681
3.630
3.755
3.680
3.651
3.638
3.574
3.756
3.546
3.737
3.721
3.728
3.759
3.725
3.676
3.657
3.687
3.721
3.730
3.747
3.770
3.746
3.565
3.655
3.656
3.694
3.707
3.809
3.595
3.656
3.824
3.663
3.830
The results of brotli-percent-2
5.297
5.370
5.394
5.570
5.594
5.572
5.381
5.517
5.543
5.593
3.562
3.703
3.668
3.745
3.786
3.613
3.640
3.662
3.577
3.774
0.000
0.001
0.000
0.001
0.001
0.001
0.001
0.000
0.001
0.001
3.823
3.796
3.775
3.853
3.685
3.653
3.814
3.860
3.745
3.930
3.644
3.638
3.454
3.580
3.540
3.697
3.722
3.747
3.610
3.536
3.681
3.662
3.587
3.600
3.494
3.448
3.690
3.738
3.745
3.763
3.604
3.601
3.634
3.585
3.585
3.710
3.638
3.793
3.538
3.733
5.176
5.299
5.505
5.448
5.376
5.445
5.251
5.294
5.386
5.408
4.759
4.823
4.770
4.962
4.992
4.865
4.802
4.882
4.958
4.945
3.709
3.582
3.497
3.526
3.725
3.565
3.657
3.692
3.486
3.534
The results of brotli-percent-3
5.300
4.986
4.993
5.108
5.103
5.147
4.920
5.179
5.177
5.156
3.588
3.698
3.609
3.657
3.611
3.639
3.624
3.547
3.716
3.808
3.674
3.649
3.632
3.591
3.562
3.621
3.671
3.766
3.817
3.743
5.065
4.867
4.978
4.996
4.916
4.934
5.033
5.084
4.978
4.857
3.666
3.626
3.697
3.617
3.586
3.767
3.691
3.566
3.701
3.643
3.590
3.633
3.526
3.553
3.609
3.585
3.678
3.654
3.729
3.771
3.578
3.677
3.642
3.713
3.804
3.738
3.642
3.584
3.742
3.808
5.599
5.394
5.372
5.693
5.511
5.547
5.748
5.574
5.618
5.473
3.714
3.647
3.686
3.732
3.820
3.759
3.653
3.603
3.766
3.800
0.000
0.001
0.000
0.001
0.001
0.001
0.001
0.001
0.001
0.001
The results of brotli-percent-4
5.465
5.420
5.452
5.366
5.243
5.396
5.523
5.368
5.319
5.462
5.206
5.164
5.276
5.144
5.092
5.204
5.185
5.200
5.215
5.144
3.641
3.608
3.592
3.681
3.811
3.715
3.691
3.613
3.757
3.827
5.516
5.514
5.419
5.491
5.416
5.455
5.649
5.532
5.537
5.547
5.727
5.751
5.669
5.602
5.593
5.524
5.711
5.659
5.545
5.609
5.917
5.875
5.824
5.824
5.712
5.605
5.859
5.825
5.730
5.766
3.608
3.626
3.587
3.643
3.778
3.610
3.652
3.653
3.725
3.547
3.632
3.576
3.671
3.595
3.665
3.713
3.625
3.558
3.710
3.597
5.467
5.493
5.474
5.467
5.362
5.379
5.464
5.373
5.401
5.455
5.968
5.987
5.938
5.918
5.986
5.805
6.000
6.004
5.877
5.724
The results of brotli-percent-5
3.620
3.591
3.639
3.617
3.743
3.687
3.636
3.587
3.778
3.594
4.285
4.309
4.323
4.273
4.228
4.360
4.330
4.431
4.290
4.262
4.989
5.009
4.954
5.049
4.945
4.934
5.006
5.002
4.957
4.922
3.629
3.692
3.655
3.790
3.639
3.836
3.675
3.611
3.673
3.657
3.815
4.177
3.842
3.891
3.757
3.845
3.837
3.816
3.724
3.724
5.494
5.482
5.561
5.412
5.476
5.382
5.465
5.462
5.511
5.479
5.021
4.985
5.035
5.000
5.023
4.936
5.034
4.978
5.027
4.956
5.307
5.300
5.317
5.227
5.335
5.219
5.323
5.261
5.347
5.322
6.142
6.140
5.989
6.101
6.031
5.989
6.159
6.054
6.045
5.992
5.352
5.488
5.594
5.553
5.657
5.446
5.673
5.533
5.528
5.525
The results of brotli-percent-6
5.295
5.362
5.335
5.373
5.327
5.294
5.160
5.192
5.302
5.390
5.013
5.038
4.818
4.881
5.045
4.977
5.036
4.960
5.060
5.080
5.903
5.955
5.907
5.810
5.943
5.828
5.968
5.862
5.856
5.874
5.472
5.485
5.417
5.374
5.394
5.423
5.453
5.414
5.429
5.402
3.638
3.608
3.580
3.639
3.582
3.696
3.641
3.636
3.664
3.602
5.213
5.191
5.240
5.103
5.149
5.143
5.330
5.134
5.129
5.158
5.235
5.215
5.156
5.096
5.135
5.073
5.202
5.201
5.183
5.170
3.463
3.332
2.119
2.152
3.536
3.458
3.500
3.453
3.443
3.419
5.954
5.906
6.202
5.862
6.056
5.994
5.905
5.802
5.880
5.961
6.141
6.216
6.132
6.161
6.194
6.152
6.138
6.125
6.202
6.203
The results of brotli-percent-7
3.510
3.487
3.308
3.274
3.525
3.420
3.463
3.441
3.571
3.560
5.294
5.369
5.091
5.293
5.393
5.398
5.326
5.328
5.415
5.359
6.742
6.741
6.787
6.731
6.768
6.731
6.745
6.748
6.798
6.699
3.607
3.633
3.497
3.825
3.689
3.615
3.602
3.549
3.680
3.649
6.540
6.524
6.564
6.420
6.437
6.521
6.404
6.459
6.508
6.553
5.510
5.634
5.559
5.524
5.642
5.498
5.631
5.563
5.672
5.684
5.527
5.519
5.728
5.520
5.577
5.553
5.605
5.599
5.567
5.586
3.597
3.650
3.536
3.634
3.640
3.594
3.637
3.639
3.736
3.712
5.971
6.053
5.862
6.079
6.065
6.049
6.038
6.046
6.070
6.063
5.143
5.191
4.909
5.094
5.170
5.159
5.140
5.260
5.192
5.306
The results of brotli-percent-8
4.932
4.908
4.752
4.897
5.021
5.019
4.998
4.977
5.088
5.022
4.232
4.259
4.283
4.085
4.280
4.313
4.295
4.241
4.373
4.334
5.495
5.484
5.315
5.473
5.563
5.532
5.543
5.471
5.429
5.382
3.432
3.542
3.319
3.467
3.555
3.527
3.550
3.540
3.592
3.602
5.990
6.041
5.954
6.106
6.159
6.070
6.046
6.113
6.097
6.004
3.541
3.513
3.837
3.445
3.447
3.407
3.540
3.506
3.599
3.546
3.664
3.596
3.602
4.037
3.719
3.778
3.670
3.708
3.779
3.716
3.843
3.819
3.736
3.832
3.859
3.868
3.906
3.841
3.829
3.872
4.924
4.985
4.929
4.830
5.018
4.934
5.057
4.929
4.966
4.985
3.541
3.493
3.427
3.272
3.498
3.573
3.605
3.588
3.627
3.527
The results of brotli-percent-9
4.974
4.994
4.919
5.205
5.017
5.046
5.051
4.957
5.002
5.025
5.541
5.684
5.554
5.677
5.626
5.550
5.597
5.629
5.633
5.640
5.712
5.781
5.667
5.716
5.861
5.816
5.808
5.826
5.781
5.623
6.074
6.070
6.046
5.988
6.186
6.169
6.050
6.124
6.122
6.204
6.723
6.694
7.188
6.749
6.618
6.685
6.735
6.783
6.669
6.690
3.474
3.558
3.498
3.327
3.341
3.459
3.477
3.441
3.409
3.431
6.321
6.196
6.219
6.483
6.214
6.196
6.168
6.300
6.291
6.197
5.849
5.962
5.893
5.853
5.910
5.908
5.974
5.915
5.889
5.879
5.740
5.815
5.759
5.682
5.739
5.803
5.856
5.740
5.692
5.825
6.255
5.998
5.927
5.865
5.974
5.946
5.971
5.999
5.852
5.984
The results of brotli-percent-10
3.407
3.508
3.372
3.406
3.567
3.407
3.494
3.532
3.656
3.380
5.102
5.104
5.022
4.968
5.102
5.120
5.159
5.097
5.130
5.165
5.457
5.464
5.503
5.449
5.633
5.513
5.636
5.518
5.523
5.525
5.997
5.940
5.847
5.907
5.940
5.927
5.961
5.978
5.979
5.928
6.110
6.082
5.998
5.974
6.094
6.127
6.090
6.173
6.007
6.124
6.218
6.247
6.452
6.173
6.298
6.179
6.164
6.301
6.216
6.278
3.498
3.544
3.474
3.538
3.414
3.523
3.579
3.583
3.570
3.639
5.049
5.125
5.070
5.078
5.197
5.269
5.177
5.112
5.193
5.241
4.985
5.012
4.968
4.988
4.965
5.020
5.071
5.012
4.955
5.004
5.567
5.680
5.547
5.498
5.629
5.625
5.600
5.560
5.553
5.648
The results of brotli-percent-20
5.927
5.938
5.842
5.800
5.973
5.921
5.954
5.930
5.930
6.025
6.698
6.529
6.297
6.362
6.498
6.618
6.398
6.544
6.554
6.513
6.080
6.115
6.013
6.015
6.125
6.029
6.133
6.067
6.141
6.044
3.853
3.789
3.701
3.848
3.802
3.835
3.860
3.801
3.804
3.760
7.206
7.385
7.235
6.975
7.328
7.242
7.338
7.295
7.278
7.345
6.368
6.339
6.203
6.105
6.282
6.362
6.364
6.317
6.312
6.316
6.098
6.103
5.953
5.931
6.098
6.047
6.080
6.027
6.015
6.070
5.584
5.581
5.409
5.446
5.518
5.575
5.539
5.520
5.508
5.534
5.566
5.674
5.512
5.559
5.655
5.686
5.581
5.718
5.674
5.560
6.422
6.438
6.354
6.433
6.387
6.474
6.466
6.497
6.442
6.484
The results of brotli-percent-30
6.464
6.481
6.391
6.501
6.560
6.481
6.488
6.517
6.463
6.447
6.376
6.476
6.184
6.323
6.452
6.451
6.444
6.511
6.532
6.424
5.970
6.100
5.858
5.989
6.010
6.079
6.000
6.042
6.108
6.049
7.282
7.304
7.057
7.226
7.316
7.248
7.299
7.270
7.320
7.274
6.569
6.623
6.593
6.563
6.667
6.735
6.692
6.691
6.626
6.705
7.298
7.380
7.162
7.355
7.419
7.415
7.471
7.408
7.442
7.417
7.132
7.246
7.085
7.183
7.267
7.180
7.189
7.286
7.312
7.384
6.971
6.977
6.851
6.915
6.977
6.977
7.081
6.938
7.090
6.974
6.037
6.178
6.077
6.046
6.110
6.187
6.078
6.125
6.072
6.058
7.083
7.174
6.881
7.121
7.208
7.096
7.147
7.243
7.233
7.219
