The results of http-native--1
16.055
16.053
16.044
16.235
16.051
16.128
16.207
16.075
16.094
16.089
16.209
16.139
16.052
16.051
16.056
16.120
16.216
16.055
16.041
16.086
16.065
16.145
16.119
16.053
16.122
16.045
16.030
16.045
16.069
16.044
16.148
16.083
16.107
16.043
16.068
16.130
16.058
16.058
16.071
16.026
16.251
16.086
16.128
16.256
16.046
16.077
16.040
16.139
16.059
16.237
16.044
16.219
16.085
16.078
16.046
16.063
16.050
16.137
16.110
16.054
16.107
16.081
16.081
16.182
16.066
16.112
16.182
16.039
16.058
16.045
16.139
16.042
16.134
16.204
16.100
16.072
16.030
16.198
16.205
16.061
16.068
16.065
16.069
16.037
16.101
16.071
16.076
16.058
16.030
16.077
16.086
16.046
16.180
16.102
16.260
16.332
16.079
16.136
16.056
16.106
The results of http-slh--1
17.244
17.107
17.140
17.142
17.184
17.151
17.106
17.159
17.161
17.218
17.147
17.153
17.133
17.189
17.120
17.225
17.150
17.158
17.166
17.169
17.158
17.165
17.153
17.150
17.137
17.136
17.165
17.159
17.187
17.187
17.181
17.138
17.154
17.137
17.130
17.280
17.147
17.130
17.205
17.161
17.180
17.134
17.151
17.211
17.166
17.155
17.155
17.148
17.147
17.138
17.165
17.135
17.208
17.129
17.108
17.252
17.155
17.185
17.168
17.184
17.143
17.139
17.197
17.132
17.127
17.144
17.124
17.155
17.133
17.111
17.198
17.155
17.141
17.121
17.138
17.142
17.145
17.133
17.186
17.133
17.124
17.112
17.132
17.129
17.129
17.126
17.180
17.159
17.149
17.151
17.162
17.136
17.189
17.213
17.138
17.144
17.163
17.126
17.118
17.104
The results of http-patched--1
73.687
73.689
73.685
73.696
73.688
73.728
73.686
73.690
73.695
73.753
73.690
73.689
73.710
73.690
73.686
73.687
73.689
73.679
73.683
73.695
73.697
73.680
73.692
73.689
73.695
73.683
73.690
73.675
73.688
73.700
73.773
73.742
73.733
73.688
73.681
73.688
73.687
73.684
73.682
73.691
73.700
73.698
73.683
73.683
73.690
73.681
73.685
73.676
73.693
73.703
73.684
73.684
73.691
73.697
73.685
73.687
73.686
73.683
73.717
73.715
73.690
73.685
73.692
73.700
73.686
73.683
73.683
73.680
73.881
73.696
73.687
73.705
73.696
73.695
73.680
73.685
73.757
73.677
73.883
73.690
73.690
73.690
73.694
73.682
73.684
73.684
73.687
73.727
73.690
73.710
73.688
73.683
73.681
73.726
73.689
73.687
73.689
73.676
73.691
73.711
The results of http-percent-0
16.119
16.169
16.055
16.082
16.187
16.100
16.255
16.107
16.150
16.068
16.061
16.048
16.047
16.149
16.084
16.227
16.093
16.041
16.082
16.101
16.047
16.061
16.113
16.074
16.032
16.063
16.100
16.078
16.062
16.142
16.068
16.065
16.137
16.061
16.075
16.050
16.057
16.123
16.138
16.158
16.084
16.069
16.074
16.117
16.113
16.071
16.080
16.145
16.103
16.078
16.052
16.060
16.061
16.071
16.073
16.124
16.186
16.123
16.068
16.171
16.077
16.060
16.096
16.083
16.067
16.079
16.159
16.079
16.081
16.103
16.078
16.101
16.109
16.085
16.145
16.099
16.100
16.073
16.068
16.110
16.103
16.089
16.059
16.054
16.040
16.108
16.113
16.077
16.116
16.073
16.178
16.263
16.166
16.153
16.152
16.068
16.175
16.221
16.057
16.103
The results of http-percent-1
16.087
16.186
16.119
16.119
16.087
16.178
16.152
16.139
16.141
16.167
15.341
15.408
15.357
15.386
15.368
15.368
15.395
15.410
15.404
15.356
16.323
16.356
16.476
16.352
16.393
16.432
16.340
16.599
16.312
16.384
16.328
16.363
16.327
16.303
16.440
16.309
16.338
16.357
16.331
16.320
16.940
16.904
16.907
16.947
17.080
16.973
16.904
16.972
17.191
16.979
16.236
16.211
16.366
16.246
16.313
16.222
16.315
16.285
16.212
16.220
16.735
16.758
16.708
16.783
16.895
16.708
16.758
16.841
16.812
16.733
16.096
16.044
16.033
16.116
16.061
16.165
16.013
16.256
16.044
16.060
17.516
17.560
17.496
17.518
17.580
17.682
17.618
17.717
17.564
17.659
16.188
16.143
16.169
16.163
16.194
16.171
16.142
16.195
16.150
16.220
The results of http-percent-2
15.955
15.957
15.936
15.945
15.953
15.968
15.931
16.016
15.997
15.927
18.348
18.335
18.376
18.330
18.382
18.361
18.354
18.377
18.410
18.375
16.211
16.175
16.331
16.331
16.173
16.264
16.274
16.295
16.234
16.196
16.131
16.141
16.130
16.134
16.146
16.124
16.175
16.159
16.141
16.152
16.231
16.213
16.222
16.340
16.269
16.231
16.198
16.208
16.224
16.237
16.185
16.129
16.121
16.102
16.104
16.128
16.152
16.181
16.109
16.120
16.517
16.485
16.524
16.491
16.503
16.560
16.555
16.616
16.476
16.571
16.550
16.573
16.590
16.586
16.657
16.710
16.539
16.592
16.550
16.718
16.307
16.304
16.355
16.459
16.442
16.340
16.345
16.371
16.413
16.330
16.652
16.551
16.541
16.541
16.538
16.620
16.524
16.565
16.543
16.542
The results of http-percent-3
16.178
16.190
16.169
16.205
16.187
16.210
16.206
16.237
16.175
16.163
17.022
17.012
17.012
17.043
17.050
17.021
17.028
17.024
17.052
17.010
18.386
18.427
18.453
18.434
18.443
18.501
18.506
18.727
18.483
18.425
16.893
16.986
17.009
16.978
17.049
17.017
16.878
16.936
17.001
16.923
16.467
16.250
16.260
16.326
16.385
16.428
16.364
16.305
16.276
16.273
15.846
15.961
15.909
15.826
15.889
15.875
15.862
16.054
15.882
15.873
16.205
16.194
16.227
16.170
16.223
16.230
16.181
16.229
16.192
16.187
21.342
21.528
21.404
21.430
21.335
21.521
21.408
21.327
21.406
21.398
17.516
17.615
17.548
17.596
17.540
17.611
17.522
17.550
17.587
17.508
16.144
16.051
16.265
16.118
16.044
16.114
16.097
16.154
16.095
16.101
The results of http-percent-4
17.878
17.841
18.449
17.834
17.866
17.879
17.827
17.854
17.862
18.431
19.412
19.447
19.511
19.423
19.428
19.413
19.411
19.517
19.413
19.457
17.250
17.378
17.261
17.394
17.283
17.244
17.326
17.431
17.287
17.244
17.565
17.648
17.611
18.066
17.726
17.686
17.677
17.630
17.538
17.629
18.454
18.403
18.425
18.435
18.408
18.437
18.468
18.437
18.462
18.546
17.159
17.159
17.095
17.085
17.084
17.120
17.094
17.101
17.091
17.087
16.975
16.875
17.463
16.929
16.948
17.013
16.926
17.013
16.916
16.890
19.451
18.675
18.793
18.548
18.736
18.595
18.571
18.564
18.607
18.518
15.377
15.380
15.389
15.376
15.374
15.593
15.428
15.367
15.832
15.349
16.970
16.977
17.047
17.054
17.035
16.921
17.064
17.006
17.058
16.988
The results of http-percent-5
14.419
14.408
14.522
14.371
14.441
14.419
14.419
14.402
14.394
14.467
15.055
15.074
15.047
15.056
15.053
15.023
15.063
15.074
15.169
15.035
16.413
16.240
16.257
16.188
16.391
16.263
16.300
16.321
16.302
16.202
28.002
27.984
27.991
28.001
27.990
27.997
27.998
28.100
27.991
28.071
19.556
19.538
19.601
19.609
19.560
19.553
19.647
19.569
19.643
19.561
17.308
17.402
17.313
17.315
17.330
17.326
17.319
17.307
17.434
17.332
17.450
17.452
17.498
17.444
17.446
17.482
17.458
17.465
17.486
17.476
19.277
19.324
19.381
19.292
19.344
19.337
19.310
19.274
19.450
19.331
19.935
19.949
19.941
19.939
19.945
19.913
19.934
20.034
19.943
19.931
16.752
16.742
16.754
16.737
16.748
16.739
16.745
16.866
16.826
16.737
The results of http-percent-6
20.097
20.253
20.142
20.159
20.090
20.155
20.129
20.111
20.134
20.098
15.250
15.230
15.269
15.198
15.223
15.268
15.258
15.247
15.239
15.208
23.287
23.286
23.333
23.405
23.294
23.290
23.468
23.294
23.305
23.281
21.159
21.371
21.131
21.925
21.170
21.238
21.163
21.135
21.127
21.638
18.932
16.696
16.704
16.716
16.710
16.867
18.634
16.693
16.747
16.746
17.440
17.286
17.290
17.340
17.282
17.298
17.257
17.588
17.303
17.275
17.995
18.155
17.951
17.862
17.873
18.019
17.867
17.830
18.020
17.923
15.416
15.522
15.460
15.542
15.456
15.389
15.323
15.471
15.475
15.454
19.928
19.907
20.039
19.932
19.921
19.993
19.961
19.947
19.930
19.928
28.711
28.712
28.715
28.797
28.723
28.715
28.739
28.704
28.731
28.664
The results of http-percent-7
15.885
16.055
15.886
15.866
15.935
15.973
15.916
15.973
15.957
15.811
27.777
27.758
27.743
27.776
27.767
27.749
27.682
27.755
29.116
27.761
20.925
20.902
20.911
21.026
21.053
21.049
20.903
20.904
21.032
20.908
28.763
28.759
28.851
28.771
28.753
28.783
28.754
28.769
28.753
28.767
19.952
19.916
19.961
19.915
19.915
19.954
19.905
20.051
20.032
19.948
25.842
25.782
25.793
25.876
25.799
25.785
25.823
25.783
25.783
25.899
18.579
18.595
18.747
18.603
18.553
18.537
18.585
18.557
18.529
18.516
28.423
28.395
28.431
28.391
28.404
28.423
28.395
28.404
28.388
28.400
37.324
37.355
37.320
37.363
37.385
37.646
37.365
37.385
37.445
37.472
16.454
16.468
16.467
16.449
16.453
16.486
16.473
16.515
16.492
16.454
The results of http-percent-8
18.929
18.927
18.936
18.929
18.940
18.920
19.040
18.957
19.055
18.923
29.941
29.949
29.949
29.968
29.939
29.959
29.937
29.914
29.944
29.927
20.460
20.757
20.408
20.485
20.504
20.725
20.474
20.399
20.464
20.442
33.078
33.095
33.080
33.134
33.110
33.111
33.134
33.184
33.120
33.121
18.190
18.107
18.142
18.543
18.094
18.068
18.087
18.071
18.151
18.095
17.249
17.444
17.289
17.338
17.279
17.299
17.272
17.288
17.236
17.266
16.978
16.972
16.999
16.972
16.979
16.975
16.945
16.973
16.985
16.945
22.368
22.433
22.348
22.898
22.335
22.344
22.832
22.362
22.434
22.420
18.991
19.084
19.002
19.008
19.238
19.008
19.083
18.992
19.025
18.997
19.964
19.937
19.940
19.972
19.982
20.093
20.057
19.967
19.998
19.996
The results of http-percent-9
20.084
20.054
20.130
20.074
20.121
20.169
20.166
20.161
20.072
20.067
26.669
26.694
26.687
27.500
26.668
26.657
26.673
26.694
26.700
26.662
20.288
20.172
20.253
20.190
20.219
20.227
20.192
20.169
20.213
20.246
20.367
20.366
20.428
20.376
20.360
20.375
20.365
20.416
20.360
20.386
19.360
19.252
19.254
19.339
19.232
19.280
19.249
19.232
19.206
19.286
33.003
32.835
32.894
32.835
32.913
32.836
32.833
32.837
32.849
32.910
17.339
17.313
17.370
17.325
17.363
17.382
17.332
17.337
17.295
17.304
23.962
23.805
23.783
24.041
24.270
23.896
23.763
23.749
23.766
23.763
21.814
21.761
21.844
21.909
22.134
21.748
21.754
21.774
21.851
21.746
19.796
20.016
19.840
19.683
19.843
19.873
19.859
19.877
19.822
19.829
The results of http-percent-10
18.678
18.676
18.734
18.670
18.743
18.712
18.700
18.747
18.677
18.727
22.196
22.178
22.276
22.186
22.200
22.202
22.172
22.181
22.207
22.196
23.752
23.790
23.795
23.796
23.763
23.767
23.829
23.742
23.748
23.754
26.052
25.940
26.009
26.027
26.007
25.932
25.932
25.931
25.939
25.946
20.371
20.337
20.400
20.414
20.388
20.383
20.369
20.320
20.336
20.306
18.350
18.304
18.333
18.352
18.319
18.278
18.292
18.300
18.385
18.293
28.208
28.200
28.204
28.196
28.232
28.204
28.202
28.213
28.213
28.211
17.379
17.338
17.350
17.298
17.341
17.339
17.447
17.357
17.324
17.358
16.912
16.755
16.807
16.796
16.809
16.773
16.844
16.799
16.806
16.749
18.763
18.728
18.713
18.700
18.794
18.669
18.781
18.777
18.754
18.694
The results of http-percent-20
19.623
19.634
19.572
19.599
19.543
19.711
19.587
20.041
19.567
19.537
26.742
26.841
26.738
26.757
26.770
26.773
26.745
26.832
26.861
26.950
32.491
32.489
32.464
32.454
32.478
32.500
32.569
32.520
32.485
32.575
36.810
36.820
36.776
36.807
36.795
36.819
36.802
36.896
36.802
36.811
31.967
31.967
31.965
31.970
31.965
31.965
31.978
31.978
31.968
31.970
23.988
23.992
24.034
23.990
24.250
23.981
23.990
24.286
24.300
23.990
35.796
35.780
36.123
35.785
35.809
35.811
35.874
36.051
35.817
35.758
42.010
41.880
41.884
41.870
41.921
41.913
41.997
41.937
41.874
42.003
25.521
25.558
25.523
25.571
25.537
25.638
25.541
25.525
25.520
25.572
29.759
29.703
29.757
29.745
29.730
29.725
29.798
29.765
29.759
29.772
The results of http-percent-30
32.939
32.901
32.922
32.899
32.916
32.900
32.920
33.019
32.903
32.906
26.339
26.389
26.343
26.346
26.348
26.360
26.325
26.326
26.325
26.369
25.943
25.902
25.852
25.854
25.873
25.840
25.847
26.094
25.855
25.888
37.911
37.900
37.913
37.891
37.900
37.966
37.895
37.861
37.897
37.884
51.791
51.788
51.801
51.771
51.782
51.829
51.809
51.787
51.914
51.795
32.685
32.683
32.632
32.638
32.640
32.590
33.552
32.658
32.722
32.590
29.460
29.470
29.418
29.638
29.406
29.409
29.452
29.420
29.402
29.415
27.110
27.118
27.165
27.084
27.077
27.161
27.079
27.085
27.084
27.067
41.464
41.453
41.451
41.588
41.439
41.500
41.571
41.456
41.453
41.550
32.657
32.673
32.679
32.688
32.682
32.659
32.660
32.666
32.678
32.663
