The results of jsmn-native--1
68.452
60.969
57.113
59.080
59.910
64.549
60.421
58.902
65.978
57.733
87.531
58.404
56.945
55.463
57.498
56.655
57.247
58.205
60.518
62.918
87.549
59.725
60.059
55.593
58.558
55.565
60.803
59.074
65.111
61.055
72.186
58.217
59.939
63.514
54.015
60.155
61.454
55.169
60.491
62.168
70.279
60.611
55.916
58.213
54.543
63.744
62.278
55.691
62.133
61.427
73.578
59.278
59.336
62.167
54.476
63.443
56.179
57.324
65.554
59.693
87.246
58.143
58.599
58.181
56.373
56.971
60.564
55.246
62.803
62.271
86.743
60.840
56.877
60.496
58.608
55.488
61.810
62.706
66.148
59.781
88.802
62.776
58.971
58.122
59.678
60.702
61.507
64.145
63.996
59.677
75.696
63.897
61.990
62.036
58.040
59.377
58.363
55.264
64.757
62.740
The results of jsmn-slh--1
217.448
211.966
207.668
212.580
213.228
215.541
203.257
202.696
216.129
218.644
214.073
211.598
211.697
212.366
212.260
212.809
208.313
201.461
213.828
217.605
217.047
210.843
207.231
214.530
213.375
215.630
200.433
202.586
216.268
218.776
224.905
211.428
207.590
210.201
213.415
214.740
202.418
201.955
215.621
218.938
226.143
211.322
206.480
211.482
213.857
214.221
209.906
201.788
215.248
218.959
213.780
211.891
212.409
209.875
213.944
214.661
208.227
201.641
213.240
218.850
212.925
211.841
212.055
208.213
213.252
214.628
203.217
201.524
212.132
218.815
213.188
211.303
211.204
208.641
213.845
213.807
208.284
200.243
214.335
218.585
212.059
210.049
211.494
210.041
212.844
214.324
209.314
202.645
214.337
217.831
212.145
215.834
211.717
209.837
212.855
211.394
202.585
201.613
213.712
219.173
The results of jsmn-patched--1
656.015
647.661
642.626
646.104
660.783
670.920
652.928
637.583
652.448
650.086
652.798
646.932
646.909
645.945
661.239
670.326
651.663
636.567
651.323
649.328
653.741
647.367
642.462
645.969
661.577
673.020
639.403
637.693
652.349
649.635
652.883
652.349
646.112
649.830
660.751
674.617
652.334
630.867
652.715
649.891
653.871
647.379
646.657
646.251
661.616
675.060
652.576
637.564
651.915
648.983
654.748
652.063
646.200
649.550
661.606
670.338
652.903
637.456
652.686
649.285
653.261
651.291
646.731
645.903
661.421
670.483
652.344
636.615
652.500
649.281
652.435
651.735
642.388
651.587
661.507
675.499
652.202
636.760
652.557
649.368
652.829
647.134
646.953
645.894
661.499
670.404
652.375
637.240
652.296
648.996
654.518
651.488
647.103
651.712
660.462
670.459
651.923
637.118
651.881
649.678
The results of jsmn-percent-0
59.644
51.023
52.083
53.536
50.484
50.543
51.649
50.942
49.648
53.923
60.557
49.469
51.428
52.122
50.632
49.882
50.169
55.425
51.573
50.290
66.406
50.644
53.311
54.915
52.201
50.343
60.418
53.967
50.588
52.379
60.379
49.240
54.883
53.111
51.061
53.647
51.254
49.960
51.111
49.996
66.164
50.874
52.613
51.325
50.357
51.512
50.969
48.916
52.394
50.940
49.806
50.766
57.950
52.062
52.844
52.486
58.518
61.555
51.390
53.585
50.831
50.793
50.514
54.402
52.519
52.795
56.486
57.282
50.433
49.588
59.740
52.408
50.403
50.843
53.421
50.665
50.531
50.153
50.690
51.621
49.574
51.894
52.150
57.530
50.075
49.525
59.446
55.615
50.699
55.212
55.571
50.242
51.138
51.130
48.855
50.209
49.327
54.840
50.297
52.938
The results of jsmn-percent-1
58.304
52.025
57.375
51.193
52.269
48.701
55.121
73.335
51.367
48.780
48.867
49.640
53.219
55.202
51.851
51.076
63.543
55.551
53.376
50.753
52.551
51.245
50.418
53.736
52.712
50.694
51.365
58.452
52.422
54.217
49.082
51.201
49.878
50.429
52.972
48.780
54.306
57.186
51.418
50.254
56.375
49.852
54.390
55.691
50.028
49.896
49.423
56.746
51.092
56.151
59.771
51.147
55.778
53.785
48.949
52.561
49.792
52.953
50.169
53.245
54.662
50.587
53.578
56.181
50.670
50.330
48.696
53.109
50.799
49.530
57.014
51.591
51.022
50.198
51.029
50.097
51.470
50.113
52.948
51.449
60.471
50.277
51.845
51.626
53.200
53.301
62.591
71.876
51.177
51.397
49.189
50.635
51.258
54.577
51.274
49.783
64.049
50.388
51.628
50.853
The results of jsmn-percent-2
53.455
51.371
50.119
49.311
53.234
53.623
52.296
58.077
53.479
56.091
95.309
60.587
52.091
51.843
53.815
51.063
55.534
54.961
56.717
52.079
52.019
50.542
51.999
54.358
50.183
49.892
50.293
57.379
50.449
53.114
52.487
51.198
51.338
63.734
52.161
49.741
49.806
50.567
50.282
51.938
49.706
50.664
51.324
50.593
51.383
51.213
56.828
50.791
54.784
50.412
75.567
57.502
51.991
52.268
54.801
52.043
52.889
49.619
52.169
53.691
67.322
59.326
51.377
65.268
53.504
61.552
60.174
51.816
54.810
52.181
81.816
52.730
52.672
59.655
56.002
57.159
57.327
52.179
57.194
51.238
73.668
51.828
51.586
51.058
55.441
55.002
61.453
52.901
54.724
55.189
77.634
51.512
54.408
55.915
50.530
52.826
56.805
58.260
55.404
51.072
The results of jsmn-percent-3
79.027
63.387
53.906
59.890
58.147
55.987
54.981
54.595
52.954
53.443
91.156
58.408
56.344
65.929
58.314
50.577
58.188
68.145
57.862
55.243
86.872
53.375
53.639
62.249
50.867
51.293
63.667
55.765
53.876
50.492
95.703
54.826
51.358
52.635
55.628
51.677
64.513
50.970
53.076
55.559
420.250
404.071
401.353
408.197
407.182
408.992
403.470
394.665
406.033
415.082
91.201
59.476
60.737
57.505
55.411
59.369
56.734
68.342
56.579
51.931
413.282
404.326
409.076
403.602
407.377
408.322
404.255
403.090
406.082
415.910
100.203
51.536
50.895
51.554
52.194
56.450
51.881
59.366
52.192
51.538
92.077
50.037
54.198
63.619
50.053
64.162
61.088
63.720
51.785
55.884
95.436
52.218
52.374
52.709
53.553
50.123
52.027
50.498
52.633
54.632
The results of jsmn-percent-4
71.693
68.838
54.262
71.395
57.441
71.336
66.657
55.636
53.213
59.217
99.553
53.834
64.088
61.460
69.342
62.588
67.158
57.102
55.098
52.630
86.669
71.009
56.964
55.052
63.170
62.260
57.332
69.718
62.112
62.472
448.068
450.261
442.122
443.531
448.730
457.602
431.556
438.617
443.628
450.609
86.970
68.236
59.532
52.120
57.026
70.791
62.514
51.464
67.295
51.942
85.238
70.855
54.171
74.416
68.343
68.535
68.977
53.448
53.909
58.579
111.635
51.745
56.927
79.190
63.526
55.198
65.727
54.749
55.790
65.745
88.244
54.199
55.309
61.795
63.621
71.364
67.395
53.279
58.781
63.026
84.621
55.524
55.285
59.648
55.025
55.519
56.882
75.268
55.918
63.676
421.317
405.380
403.130
406.021
411.206
417.821
395.161
403.972
408.803
415.672
The results of jsmn-percent-5
457.315
440.770
450.249
443.507
448.671
457.467
441.889
431.147
442.841
451.659
83.214
92.835
64.492
63.057
93.858
101.789
80.760
88.860
76.772
90.791
90.280
55.326
69.830
70.149
61.736
69.992
74.426
52.968
53.813
50.285
85.350
69.084
64.762
74.690
55.525
70.560
61.547
63.259
56.307
63.015
81.814
53.561
55.646
58.797
77.859
64.364
68.608
57.425
65.508
51.613
112.043
73.653
59.060
75.225
75.625
57.559
68.280
66.266
62.168
77.894
105.242
58.297
71.594
83.232
68.807
67.202
63.268
60.990
73.732
59.759
102.638
56.291
64.729
72.869
70.707
66.389
78.055
59.694
68.370
55.466
82.736
67.099
71.738
65.476
66.125
67.759
68.868
81.767
69.754
56.232
105.068
86.261
58.970
61.239
95.133
93.639
75.660
89.721
93.083
100.611
The results of jsmn-percent-6
95.242
92.712
93.124
80.321
90.004
87.725
87.703
88.519
82.077
87.060
92.827
95.302
88.983
89.271
95.118
99.465
89.558
97.728
89.153
75.770
77.848
85.124
97.294
77.436
92.353
110.584
97.277
92.929
100.604
88.896
99.223
94.193
86.401
82.537
92.863
99.367
80.147
89.264
74.575
92.953
87.811
91.363
90.897
80.770
79.643
103.713
100.012
89.732
69.547
88.488
90.400
99.652
78.487
91.407
81.332
92.476
90.296
103.585
61.898
82.473
98.251
91.743
87.342
82.801
80.945
98.886
88.661
98.201
98.183
82.369
89.428
87.933
89.158
87.603
95.206
112.140
85.570
87.025
89.198
100.621
87.842
94.782
95.918
91.130
84.347
110.614
82.245
95.625
89.235
102.473
449.484
450.906
449.763
449.441
450.662
460.044
433.576
440.113
443.681
452.791
The results of jsmn-percent-7
90.690
87.974
98.712
91.077
96.082
97.309
87.141
77.403
96.560
100.937
85.939
95.809
90.827
83.859
87.759
85.524
97.672
84.718
87.072
94.979
92.780
95.756
93.878
91.168
94.607
110.345
92.915
96.883
78.095
103.234
88.898
83.293
99.443
91.141
96.144
108.598
79.261
97.908
96.609
98.049
103.984
93.752
102.322
91.178
95.533
109.626
87.844
96.867
99.552
70.647
73.165
95.741
92.416
83.048
95.639
105.514
89.384
92.612
73.626
83.034
77.771
95.652
79.411
89.331
95.198
95.927
89.414
90.091
102.697
77.536
105.828
80.660
97.340
83.295
94.110
110.103
91.371
96.783
95.870
94.939
122.396
92.082
101.961
75.783
88.331
108.176
98.558
80.768
96.658
77.408
108.991
95.569
92.779
85.031
92.056
85.930
87.127
88.085
95.743
83.670
The results of jsmn-percent-8
86.857
94.424
74.835
91.098
86.379
84.767
95.812
92.632
85.103
91.588
87.592
83.181
88.587
77.127
91.896
81.021
83.951
94.319
96.598
75.950
87.547
95.464
77.759
92.061
93.247
80.478
83.809
93.392
95.845
76.749
412.023
411.446
404.030
406.257
412.441
412.357
405.363
394.196
407.564
413.261
92.672
90.748
89.471
91.056
83.334
109.617
103.832
92.621
96.603
101.993
81.504
95.797
96.994
97.866
79.326
81.650
78.387
92.662
86.191
89.000
98.198
94.694
89.444
91.166
93.161
98.985
102.251
92.591
87.162
82.800
89.699
95.625
107.646
91.120
92.044
86.025
90.277
88.316
90.870
89.203
100.849
100.155
88.589
86.224
94.894
89.971
83.548
97.912
87.096
80.308
73.076
100.878
108.058
102.647
93.594
88.109
89.938
97.265
80.580
77.927
The results of jsmn-percent-9
73.864
97.483
77.702
89.262
91.907
87.004
85.408
92.552
87.151
100.833
67.828
100.044
99.605
89.286
81.786
110.670
98.874
90.910
96.518
103.132
92.264
67.706
77.784
80.673
91.873
82.756
80.873
92.633
74.387
83.655
86.373
80.309
100.119
81.909
93.198
83.464
90.983
91.669
96.084
89.752
75.539
87.226
89.090
80.526
76.028
85.603
84.530
91.793
88.064
96.028
75.613
91.232
100.205
78.773
79.606
84.984
93.620
90.813
101.426
82.109
73.629
96.754
98.175
100.489
89.216
92.210
99.923
88.118
96.655
80.808
96.864
98.968
84.593
86.333
95.906
93.709
90.682
97.032
95.643
90.938
656.263
658.201
644.148
653.338
658.961
663.743
641.370
642.703
659.300
653.400
102.582
97.555
85.834
81.365
93.693
85.950
97.964
96.232
84.669
80.711
The results of jsmn-percent-10
75.741
80.306
80.459
70.618
85.966
87.555
98.444
86.868
79.533
92.753
78.055
87.083
79.977
83.583
87.276
81.203
86.625
89.208
93.800
91.427
101.020
78.560
87.416
98.520
91.519
93.368
91.250
91.637
87.088
80.805
78.001
95.004
92.352
98.620
91.035
81.279
88.145
84.532
90.839
99.161
79.393
93.758
86.292
96.804
91.043
72.007
88.759
91.062
77.031
80.476
69.668
89.740
98.379
84.503
86.567
86.129
83.225
77.872
94.441
80.260
82.295
90.048
90.531
84.448
88.991
77.282
85.757
90.657
77.535
83.397
411.108
403.455
411.654
404.801
412.246
411.539
403.552
400.990
407.907
414.858
75.160
92.208
81.384
83.265
87.993
103.636
86.147
90.109
96.481
79.981
95.888
88.088
72.706
85.360
87.402
82.091
88.714
93.459
86.798
94.893
The results of jsmn-percent-20
70.872
94.056
87.341
82.092
86.977
87.640
89.231
87.762
89.390
85.452
448.043
446.792
435.239
445.723
447.444
451.251
438.762
424.015
445.808
442.725
442.308
452.117
440.549
448.685
448.584
454.290
431.423
430.453
446.511
451.364
94.429
94.554
79.413
81.867
86.544
82.379
87.300
90.276
92.216
92.205
449.679
452.477
448.793
447.596
449.056
452.953
430.921
438.393
446.547
449.836
69.854
93.061
87.964
88.461
84.185
79.286
89.528
82.000
87.320
81.489
89.684
81.293
83.946
81.443
81.386
96.765
86.010
83.333
86.320
78.642
66.547
89.850
79.125
88.026
80.585
97.091
79.800
75.730
87.332
86.792
66.401
65.446
80.510
81.815
64.636
56.170
65.898
60.650
61.918
66.952
77.329
65.054
86.545
84.236
57.903
57.541
64.163
60.515
63.321
64.822
The results of jsmn-percent-30
655.909
651.689
646.799
643.741
656.544
665.156
636.818
628.451
651.636
649.115
94.294
62.976
58.729
58.836
59.452
61.322
62.293
57.188
62.768
64.718
410.857
401.645
397.896
404.870
406.787
412.257
399.289
392.811
404.850
406.879
442.135
447.371
435.823
442.189
447.404
450.889
429.036
423.571
445.784
443.030
448.448
441.266
436.091
442.254
447.044
449.845
428.848
430.243
446.534
443.478
73.434
65.396
62.549
63.257
56.599
63.170
58.364
62.025
66.741
65.484
656.539
645.325
640.136
643.548
656.290
665.179
652.783
635.943
650.622
648.376
442.853
441.494
435.476
437.648
447.070
452.103
430.469
429.899
445.555
443.349
655.343
650.123
644.957
648.350
656.169
663.283
636.310
627.707
649.991
647.504
441.034
446.186
435.358
441.448
446.820
451.576
429.404
429.050
444.579
442.674
