The results of libhtp-native--1
0.014
0.011
0.013
0.026
0.011
0.019
0.016
0.020
0.019
0.013
0.019
0.024
0.020
0.013
0.010
0.020
0.029
0.020
0.022
0.025
0.007
0.027
0.023
0.025
0.010
0.026
0.017
0.004
0.018
0.017
0.019
0.018
0.021
0.018
0.020
0.008
0.018
0.018
0.011
0.021
0.013
0.022
0.016
0.018
0.015
0.011
0.014
0.013
0.014
0.012
0.009
0.012
0.021
0.015
0.019
0.026
0.015
0.020
0.000
0.012
0.018
0.028
0.023
0.017
0.024
0.011
0.022
0.019
0.018
0.011
0.019
0.018
0.020
0.020
0.020
0.025
0.015
0.027
0.021
0.017
0.028
0.024
0.010
0.019
0.023
0.015
0.009
0.012
0.016
0.020
0.004
0.015
0.022
0.013
0.009
0.018
0.020
0.020
0.016
0.013
The results of libhtp-slh--1
0.022
0.024
0.020
0.005
0.019
0.026
0.031
0.022
0.018
0.027
0.026
0.028
0.024
0.017
0.034
0.026
0.033
0.028
0.012
0.019
0.022
0.024
0.033
0.034
0.022
0.025
0.023
0.029
0.025
0.033
0.040
0.033
0.019
0.027
0.023
0.023
0.023
0.028
0.017
0.023
0.040
0.019
0.032
0.028
0.017
0.027
0.012
0.020
0.020
0.019
0.024
0.024
0.034
0.026
0.021
0.038
0.022
0.010
0.029
0.018
0.026
0.030
0.025
0.018
0.027
0.029
0.016
0.020
0.023
0.032
0.020
0.029
0.022
0.026
0.018
0.029
0.024
0.018
0.016
0.016
0.022
0.024
0.027
0.037
0.026
0.032
0.024
0.027
0.028
0.018
0.012
0.021
0.025
0.020
0.027
0.026
0.020
0.020
0.032
0.012
The results of libhtp-patched--1
0.050
0.056
0.052
0.047
0.036
0.050
0.045
0.041
0.051
0.044
0.033
0.050
0.045
0.041
0.042
0.049
0.048
0.046
0.052
0.039
0.044
0.047
0.053
0.048
0.041
0.051
0.052
0.054
0.042
0.037
0.038
0.051
0.044
0.036
0.044
0.046
0.048
0.027
0.052
0.054
0.051
0.031
0.053
0.048
0.045
0.047
0.053
0.051
0.053
0.051
0.052
0.040
0.034
0.048
0.040
0.047
0.040
0.042
0.032
0.050
0.043
0.046
0.029
0.037
0.053
0.048
0.056
0.029
0.049
0.044
0.042
0.056
0.050
0.055
0.050
0.053
0.039
0.038
0.038
0.038
0.054
0.047
0.046
0.041
0.036
0.042
0.047
0.043
0.046
0.039
0.051
0.049
0.040
0.051
0.043
0.052
0.028
0.051
0.052
0.051
The results of libhtp-percent-0
0.016
0.012
0.011
0.025
0.010
0.024
0.010
0.015
0.012
0.023
0.016
0.014
0.012
0.023
0.017
0.006
0.022
0.023
0.010
0.014
0.022
0.022
0.011
0.021
0.016
0.012
0.024
0.014
0.017
0.019
0.026
0.027
0.006
0.014
0.017
0.015
0.012
0.016
0.012
0.009
0.020
0.016
0.016
0.020
0.017
0.021
0.018
0.012
0.009
0.020
0.022
0.017
0.012
0.018
0.015
0.024
0.015
0.000
0.018
0.006
0.020
0.012
0.020
0.011
0.014
0.025
0.022
0.000
0.012
0.012
0.024
0.020
0.020
0.024
0.023
0.022
0.022
0.012
0.018
0.012
0.016
0.017
0.020
0.016
0.020
0.025
0.023
0.022
0.020
0.019
0.027
0.012
0.020
0.014
0.019
0.018
0.017
0.009
0.010
0.012
The results of libhtp-percent-1
0.023
0.015
0.012
0.011
0.028
0.019
0.016
0.015
0.014
0.015
0.021
0.017
0.023
0.015
0.026
0.019
0.013
0.012
0.021
0.019
0.021
0.023
0.017
0.014
0.028
0.024
0.019
0.010
0.021
0.009
0.019
0.028
0.013
0.021
0.030
0.010
0.025
0.015
0.018
0.014
0.024
0.028
0.024
0.021
0.024
0.023
0.028
0.009
0.012
0.017
0.000
0.017
0.014
0.017
0.017
0.023
0.016
0.006
0.018
0.019
0.021
0.022
0.012
0.017
0.017
0.020
0.018
0.022
0.014
0.014
0.024
0.018
0.013
0.021
0.016
0.020
0.020
0.017
0.010
0.016
0.017
0.027
0.018
0.018
0.008
0.011
0.027
0.015
0.016
0.024
0.018
0.017
0.022
0.018
0.022
0.025
0.020
0.009
0.018
0.015
The results of libhtp-percent-2
0.021
0.016
0.015
0.027
0.014
0.020
0.019
0.023
0.016
0.015
0.017
0.014
0.014
0.018
0.011
0.022
0.025
0.017
0.011
0.028
0.018
0.016
0.017
0.015
0.013
0.021
0.020
0.019
0.018
0.021
0.027
0.022
0.018
0.013
0.019
0.018
0.012
0.019
0.012
0.022
0.025
0.022
0.019
0.024
0.017
0.008
0.019
0.017
0.018
0.016
0.019
0.015
0.023
0.010
0.015
0.020
0.013
0.007
0.019
0.027
0.013
0.014
0.019
0.025
0.015
0.018
0.016
0.014
0.004
0.018
0.023
0.008
0.014
0.019
0.012
0.011
0.018
0.016
0.016
0.018
0.024
0.023
0.022
0.009
0.029
0.015
0.029
0.020
0.019
0.018
0.015
0.008
0.009
0.018
0.016
0.013
0.022
0.017
0.022
0.006
The results of libhtp-percent-3
0.022
0.023
0.012
0.012
0.024
0.024
0.022
0.014
0.016
0.011
0.020
0.030
0.023
0.018
0.019
0.021
0.018
0.013
0.018
0.024
0.018
0.024
0.018
0.027
0.019
0.015
0.011
0.026
0.015
0.030
0.022
0.017
0.017
0.015
0.016
0.022
0.020
0.024
0.013
0.010
0.015
0.018
0.014
0.016
0.018
0.022
0.005
0.023
0.017
0.026
0.008
0.015
0.027
0.018
0.009
0.018
0.022
0.010
0.022
0.019
0.022
0.020
0.023
0.023
0.007
0.019
0.027
0.013
0.014
0.020
0.020
0.020
0.014
0.021
0.023
0.009
0.012
0.022
0.015
0.015
0.027
0.021
0.008
0.020
0.015
0.013
0.018
0.023
0.020
0.011
0.018
0.018
0.012
0.019
0.020
0.019
0.022
0.021
0.020
0.015
The results of libhtp-percent-4
0.015
0.023
0.008
0.013
0.027
0.017
0.022
0.019
0.017
0.019
0.018
0.017
0.016
0.021
0.022
0.021
0.015
0.019
0.012
0.020
0.016
0.025
0.019
0.019
0.018
0.023
0.025
0.020
0.020
0.015
0.017
0.025
0.029
0.013
0.020
0.016
0.013
0.018
0.014
0.019
0.018
0.009
0.028
0.025
0.023
0.020
0.016
0.010
0.028
0.011
0.026
0.018
0.018
0.017
0.013
0.017
0.022
0.021
0.026
0.014
0.012
0.015
0.015
0.021
0.014
0.017
0.021
0.015
0.018
0.016
0.024
0.026
0.010
0.024
0.019
0.012
0.020
0.018
0.009
0.025
0.024
0.032
0.021
0.028
0.022
0.026
0.025
0.025
0.025
0.019
0.020
0.018
0.018
0.008
0.027
0.018
0.021
0.018
0.005
0.022
The results of libhtp-percent-5
0.018
0.019
0.021
0.024
0.015
0.015
0.027
0.016
0.031
0.024
0.021
0.028
0.022
0.022
0.020
0.025
0.016
0.015
0.016
0.024
0.023
0.017
0.024
0.012
0.018
0.023
0.018
0.023
0.021
0.022
0.026
0.016
0.018
0.012
0.015
0.015
0.026
0.016
0.019
0.023
0.019
0.019
0.020
0.028
0.020
0.013
0.025
0.014
0.020
0.018
0.020
0.026
0.017
0.020
0.015
0.028
0.022
0.017
0.020
0.021
0.027
0.026
0.012
0.021
0.034
0.022
0.031
0.019
0.015
0.015
0.014
0.010
0.011
0.023
0.011
0.022
0.013
0.013
0.012
0.012
0.011
0.028
0.023
0.026
0.021
0.026
0.023
0.023
0.023
0.018
0.021
0.022
0.015
0.026
0.016
0.010
0.015
0.016
0.018
0.022
The results of libhtp-percent-6
0.019
0.009
0.017
0.013
0.020
0.024
0.027
0.012
0.012
0.014
0.020
0.011
0.017
0.015
0.015
0.023
0.027
0.018
0.018
0.016
0.021
0.021
0.022
0.018
0.005
0.028
0.023
0.020
0.030
0.024
0.011
0.010
0.020
0.023
0.008
0.017
0.019
0.020
0.016
0.012
0.024
0.017
0.021
0.020
0.015
0.018
0.015
0.014
0.019
0.015
0.025
0.017
0.020
0.026
0.021
0.023
0.015
0.010
0.018
0.023
0.029
0.013
0.011
0.024
0.024
0.030
0.015
0.016
0.028
0.008
0.019
0.023
0.013
0.016
0.011
0.023
0.028
0.013
0.015
0.018
0.015
0.018
0.015
0.012
0.024
0.029
0.014
0.016
0.019
0.026
0.038
0.019
0.029
0.031
0.021
0.021
0.018
0.022
0.016
0.019
The results of libhtp-percent-7
0.019
0.014
0.021
0.021
0.015
0.023
0.021
0.016
0.016
0.019
0.017
0.029
0.022
0.027
0.022
0.022
0.015
0.023
0.018
0.017
0.023
0.021
0.016
0.016
0.018
0.019
0.019
0.021
0.013
0.019
0.021
0.025
0.024
0.025
0.024
0.015
0.021
0.021
0.021
0.023
0.025
0.024
0.015
0.017
0.014
0.031
0.023
0.026
0.011
0.018
0.020
0.032
0.030
0.026
0.021
0.026
0.018
0.024
0.012
0.019
0.022
0.030
0.018
0.029
0.012
0.013
0.022
0.020
0.015
0.029
0.020
0.025
0.027
0.023
0.026
0.012
0.020
0.022
0.010
0.024
0.019
0.026
0.016
0.016
0.018
0.018
0.019
0.023
0.025
0.024
0.009
0.018
0.023
0.028
0.011
0.021
0.028
0.024
0.014
0.011
The results of libhtp-percent-8
0.018
0.016
0.015
0.013
0.016
0.017
0.019
0.017
0.024
0.018
0.016
0.025
0.010
0.023
0.020
0.027
0.017
0.019
0.012
0.016
0.018
0.008
0.012
0.013
0.010
0.017
0.017
0.022
0.019
0.025
0.023
0.023
0.000
0.025
0.018
0.005
0.008
0.013
0.013
0.020
0.009
0.021
0.012
0.021
0.013
0.026
0.020
0.011
0.025
0.012
0.031
0.024
0.023
0.017
0.019
0.027
0.019
0.028
0.025
0.022
0.022
0.022
0.012
0.024
0.022
0.019
0.030
0.015
0.017
0.018
0.009
0.019
0.015
0.025
0.019
0.024
0.023
0.022
0.024
0.015
0.012
0.025
0.017
0.025
0.026
0.016
0.022
0.022
0.029
0.022
0.032
0.013
0.032
0.014
0.020
0.017
0.012
0.028
0.020
0.023
The results of libhtp-percent-9
0.025
0.025
0.018
0.028
0.030
0.015
0.033
0.023
0.023
0.031
0.019
0.018
0.025
0.021
0.022
0.023
0.025
0.030
0.026
0.026
0.017
0.025
0.009
0.024
0.014
0.009
0.017
0.025
0.031
0.028
0.021
0.022
0.022
0.024
0.009
0.032
0.023
0.027
0.029
0.014
0.026
0.010
0.014
0.021
0.020
0.027
0.013
0.012
0.021
0.008
0.029
0.022
0.012
0.026
0.024
0.018
0.020
0.017
0.021
0.017
0.014
0.009
0.026
0.016
0.015
0.021
0.017
0.017
0.027
0.017
0.018
0.019
0.019
0.016
0.019
0.013
0.029
0.019
0.023
0.011
0.024
0.007
0.019
0.033
0.019
0.023
0.007
0.014
0.021
0.013
0.033
0.021
0.026
0.018
0.024
0.025
0.024
0.021
0.027
0.016
The results of libhtp-percent-10
0.025
0.016
0.032
0.026
0.018
0.022
0.026
0.031
0.028
0.020
0.034
0.015
0.012
0.022
0.018
0.027
0.015
0.017
0.017
0.019
0.021
0.020
0.027
0.013
0.016
0.020
0.018
0.019
0.025
0.019
0.024
0.023
0.018
0.022
0.027
0.012
0.022
0.017
0.022
0.015
0.024
0.021
0.024
0.022
0.028
0.017
0.024
0.025
0.016
0.024
0.029
0.024
0.020
0.016
0.017
0.023
0.025
0.020
0.029
0.025
0.015
0.018
0.025
0.011
0.016
0.029
0.026
0.014
0.030
0.025
0.019
0.011
0.019
0.009
0.014
0.028
0.032
0.026
0.018
0.022
0.029
0.015
0.030
0.018
0.014
0.020
0.013
0.029
0.016
0.017
0.020
0.028
0.020
0.013
0.017
0.016
0.018
0.029
0.022
0.015
The results of libhtp-percent-20
0.021
0.030
0.022
0.020
0.015
0.026
0.024
0.016
0.014
0.027
0.023
0.023
0.027
0.021
0.020
0.024
0.026
0.020
0.027
0.029
0.025
0.025
0.017
0.025
0.027
0.031
0.021
0.020
0.022
0.027
0.012
0.023
0.011
0.024
0.016
0.035
0.019
0.028
0.025
0.023
0.014
0.025
0.023
0.014
0.011
0.027
0.036
0.025
0.016
0.029
0.032
0.021
0.033
0.018
0.022
0.025
0.026
0.036
0.037
0.023
0.031
0.023
0.023
0.022
0.020
0.020
0.022
0.031
0.021
0.026
0.029
0.029
0.030
0.027
0.032
0.022
0.029
0.028
0.031
0.016
0.033
0.022
0.027
0.033
0.020
0.020
0.032
0.027
0.028
0.014
0.026
0.015
0.024
0.018
0.033
0.023
0.026
0.029
0.029
0.032
The results of libhtp-percent-30
0.030
0.038
0.033
0.026
0.032
0.031
0.020
0.021
0.036
0.026
0.038
0.022
0.024
0.037
0.021
0.029
0.019
0.021
0.025
0.021
0.033
0.023
0.029
0.027
0.023
0.034
0.026
0.018
0.025
0.026
0.022
0.024
0.027
0.027
0.026
0.031
0.026
0.024
0.015
0.025
0.028
0.036
0.029
0.037
0.027
0.023
0.024
0.018
0.025
0.025
0.014
0.025
0.024
0.033
0.028
0.029
0.021
0.019
0.024
0.021
0.028
0.026
0.036
0.032
0.033
0.027
0.020
0.025
0.016
0.027
0.027
0.016
0.032
0.023
0.033
0.023
0.030
0.035
0.026
0.033
0.048
0.041
0.026
0.025
0.028
0.037
0.034
0.039
0.034
0.033
0.030
0.027
0.030
0.022
0.026
0.032
0.022
0.025
0.027
0.028
