The results of libyaml-native--1
0.875
1.067
0.910
0.954
0.857
0.870
1.059
0.884
0.962
0.949
0.853
0.970
0.882
0.931
0.868
0.879
0.882
0.920
0.988
0.986
0.857
1.011
0.955
0.937
0.876
0.891
0.924
0.879
0.963
0.998
0.861
0.985
0.944
0.945
0.846
0.840
0.907
0.910
0.969
0.975
0.851
0.990
0.877
0.932
0.869
0.847
0.964
0.889
0.971
0.967
0.865
1.007
0.907
0.929
0.855
0.846
0.887
0.886
0.957
0.985
0.847
0.988
0.890
0.931
0.859
0.862
0.916
0.862
0.972
0.991
0.858
0.916
0.854
1.045
0.868
0.840
0.919
0.885
0.974
0.973
0.865
0.979
0.884
0.920
0.865
0.863
0.886
0.876
0.974
0.976
0.852
1.123
0.888
0.980
0.867
0.877
0.890
0.858
0.979
0.980
The results of libyaml-slh--1
1.990
2.245
1.990
2.019
1.963
1.980
1.983
2.013
2.217
2.232
2.012
2.202
1.951
2.011
1.976
2.029
1.958
1.976
2.186
2.220
1.983
2.240
1.983
2.045
1.981
1.989
1.990
2.013
2.202
2.259
1.995
2.226
1.978
2.116
1.965
2.014
1.975
2.023
2.207
2.387
2.019
2.075
1.982
2.055
1.976
1.990
1.988
2.012
2.205
2.238
1.991
2.218
1.976
2.133
1.964
2.012
1.976
1.995
2.225
2.227
1.998
2.223
1.980
2.013
1.970
2.005
1.976
1.966
2.200
2.213
1.982
2.220
1.983
2.132
1.977
2.011
1.985
1.986
2.204
2.217
2.011
2.184
1.961
1.999
1.970
1.990
1.989
1.996
2.221
2.223
2.008
2.198
1.979
2.003
1.972
2.021
1.990
1.985
2.196
2.235
The results of libyaml-patched--1
7.071
7.750
7.121
7.041
7.046
7.110
7.259
7.057
7.793
7.802
7.040
7.793
7.116
7.029
7.074
7.057
7.369
7.051
7.821
7.811
7.066
7.732
7.107
7.035
7.065
7.175
7.376
7.033
7.756
7.921
7.077
7.749
7.174
7.028
7.071
7.119
7.309
7.034
7.748
7.980
7.042
7.750
7.123
7.034
7.084
7.087
7.356
7.055
7.810
7.938
7.045
7.421
7.121
7.018
7.074
7.054
7.346
7.044
7.759
7.800
7.093
7.734
7.076
7.021
7.077
7.335
7.369
7.061
7.826
7.794
7.061
7.755
7.080
7.044
7.116
7.078
7.335
7.097
7.808
7.797
7.028
7.757
7.089
7.029
7.098
7.063
7.340
7.037
7.750
7.786
7.011
7.774
7.125
7.053
7.107
7.131
7.378
7.169
7.769
7.943
The results of libyaml-percent-0
1.071
0.992
1.033
1.022
1.029
0.929
1.063
0.900
1.034
0.981
1.052
1.005
0.991
1.054
0.985
0.990
1.074
0.911
0.975
0.975
1.053
0.902
1.012
0.961
1.135
0.985
0.875
0.907
0.948
0.985
1.037
1.037
1.034
1.009
0.887
0.987
0.896
0.885
0.969
0.960
0.920
0.990
0.985
0.899
0.874
0.930
0.996
0.930
0.969
1.002
0.926
0.995
0.923
1.025
0.889
0.996
1.048
0.900
0.988
0.958
1.051
0.995
1.008
1.045
0.983
1.004
0.891
0.913
0.971
0.979
0.894
0.897
0.914
1.023
0.920
0.962
0.885
0.895
0.955
0.986
1.044
0.982
0.888
0.903
0.913
0.936
1.042
0.907
0.972
0.979
0.901
1.036
0.905
0.895
0.864
0.933
0.887
0.882
0.995
0.980
The results of libyaml-percent-1
1.140
1.111
1.087
1.126
1.086
1.073
0.963
1.006
1.242
1.049
1.087
1.046
1.047
1.103
0.923
1.055
0.955
0.959
1.022
1.036
0.914
0.993
1.007
1.058
0.995
0.992
0.913
0.910
0.983
0.963
1.064
0.902
1.046
1.048
0.918
1.010
0.915
0.922
1.003
0.997
0.913
1.027
1.032
1.045
0.917
1.017
0.911
0.955
0.993
0.991
1.054
1.018
0.891
0.902
0.892
0.939
1.056
0.874
0.987
0.969
1.632
1.591
1.434
1.429
1.556
1.519
1.687
1.375
1.525
1.534
0.923
0.997
0.890
1.032
0.987
1.011
0.894
0.899
0.997
0.978
0.905
1.014
0.999
1.058
0.930
0.984
1.075
0.891
0.980
0.993
0.943
0.959
1.034
1.082
0.950
1.051
0.941
0.950
1.013
0.997
The results of libyaml-percent-2
1.633
1.572
1.577
1.620
1.535
1.559
1.397
1.409
1.708
1.521
1.191
1.155
1.017
1.034
1.037
1.052
1.021
1.032
1.129
1.132
1.645
1.550
1.562
1.408
1.535
1.493
1.378
1.345
1.518
1.521
1.089
1.025
0.920
1.072
0.962
1.046
1.110
0.925
1.027
1.027
1.337
1.454
1.311
1.508
1.490
1.474
1.304
1.284
1.434
1.432
1.013
1.099
1.126
1.139
0.993
1.269
1.195
1.005
1.092
1.133
1.110
1.102
1.224
1.076
1.088
1.207
1.081
1.098
1.180
1.192
1.053
0.988
1.012
1.035
1.194
0.950
1.100
0.895
0.987
0.977
1.692
1.598
1.434
1.659
1.422
1.566
1.672
1.381
1.553
1.554
1.272
1.398
1.247
1.431
1.389
1.347
1.241
1.255
1.409
1.352
The results of libyaml-percent-3
1.061
1.002
1.033
1.051
1.009
0.973
0.894
0.911
0.982
0.967
1.275
1.074
1.198
1.250
1.080
1.069
1.080
1.074
1.184
1.190
1.129
1.050
1.078
1.114
0.994
0.982
1.135
0.948
1.049
1.062
1.863
1.789
1.755
2.163
1.955
1.925
2.098
1.793
2.140
1.929
1.743
1.964
1.721
1.730
1.931
1.803
1.717
1.742
1.868
1.859
1.022
1.128
1.142
1.154
1.116
1.040
0.998
0.954
1.097
1.077
1.740
1.658
1.674
1.493
1.641
1.460
1.481
1.457
1.638
1.643
1.054
1.143
1.204
1.176
1.028
1.038
1.034
1.004
1.108
1.138
1.077
1.064
0.927
1.091
0.933
0.938
1.109
0.926
1.035
1.020
0.935
1.053
0.943
1.084
1.041
0.957
1.153
0.943
1.025
1.039
The results of libyaml-percent-4
1.128
1.070
0.972
1.128
1.077
0.943
0.958
0.982
1.059
1.082
1.176
1.116
1.154
1.157
1.103
0.985
1.299
1.007
1.106
1.092
1.832
1.746
1.776
1.592
1.567
1.536
1.560
1.537
1.713
1.707
1.480
1.590
1.594
1.630
1.410
1.384
1.411
1.393
1.555
1.539
1.080
1.209
1.026
1.189
1.078
1.043
1.269
1.049
1.160
1.164
0.943
1.066
0.943
1.190
1.055
0.921
1.113
0.951
1.031
1.021
1.262
1.195
1.201
1.241
1.084
1.145
1.304
1.047
1.201
1.161
1.847
1.770
1.783
1.802
1.764
1.543
1.584
1.592
1.739
1.726
1.547
1.575
1.545
1.554
1.693
1.505
1.516
1.536
1.665
1.684
0.957
1.026
0.915
1.069
1.019
0.904
1.088
0.921
1.027
1.027
The results of libyaml-percent-5
1.666
1.612
1.569
1.459
1.434
1.411
1.440
1.435
1.568
1.558
1.280
1.268
1.287
1.327
1.270
1.130
1.133
1.125
1.261
1.254
1.262
1.195
1.221
1.234
1.177
1.053
1.060
1.044
1.154
1.194
1.557
1.747
1.574
1.800
1.553
1.600
1.760
1.608
1.710
1.702
2.023
2.256
2.275
2.320
2.004
1.995
2.013
1.992
2.217
2.210
1.340
1.505
1.363
1.528
1.357
1.319
1.345
1.367
1.491
1.509
1.097
1.186
1.086
1.229
1.066
1.066
1.194
1.088
1.188
1.180
1.722
1.963
1.943
2.007
1.941
1.708
1.843
1.721
1.936
1.898
1.118
0.989
1.081
1.013
1.063
0.978
0.961
0.973
1.067
1.055
1.974
1.966
1.971
2.027
1.950
1.712
1.862
1.770
1.917
1.948
The results of libyaml-percent-6
1.105
1.247
1.133
1.164
1.236
1.089
1.163
1.130
1.216
1.215
1.343
1.327
1.432
1.318
1.440
1.265
1.285
1.313
1.435
1.415
1.182
1.100
1.184
1.072
1.080
1.056
1.049
1.094
1.183
1.166
1.259
1.253
1.134
1.294
1.119
1.116
1.166
1.146
1.217
1.250
1.228
1.246
1.126
1.359
1.113
1.066
1.114
1.250
1.198
1.212
1.330
1.511
1.344
1.561
1.360
1.334
1.383
1.378
1.507
1.491
2.536
2.704
2.701
2.763
2.717
2.383
2.376
2.385
2.648
2.656
1.891
2.152
1.924
2.198
1.927
1.883
1.913
1.882
2.123
2.133
1.564
1.791
1.601
1.845
1.766
1.578
1.591
1.591
1.765
1.765
1.015
1.262
1.178
1.090
1.200
1.049
1.070
1.083
1.193
1.240
The results of libyaml-percent-7
2.112
2.391
2.154
2.455
2.142
2.098
2.123
2.166
2.350
2.328
1.900
2.123
2.002
2.161
2.108
1.905
1.911
1.950
2.136
2.112
1.190
1.222
1.213
1.239
1.081
1.075
1.055
1.096
1.190
1.180
1.624
1.696
1.692
1.885
1.519
1.515
1.507
1.552
1.676
1.704
1.061
1.138
1.157
1.159
1.133
1.023
1.036
1.051
1.103
1.128
1.326
1.601
1.318
1.538
1.291
1.289
1.266
1.328
1.437
1.456
1.012
1.024
1.033
1.078
1.093
0.970
1.028
0.983
1.095
1.091
1.616
1.807
1.826
1.858
1.646
1.638
1.623
1.611
1.813
1.815
1.757
1.971
1.953
1.801
1.961
1.767
1.767
1.801
1.975
2.002
1.554
1.750
1.627
1.805
1.740
1.559
1.563
1.595
1.743
1.752
The results of libyaml-percent-8
1.458
1.629
1.595
1.655
1.476
1.442
1.476
1.457
1.597
1.632
2.260
2.384
2.355
2.349
2.384
2.260
2.426
2.274
2.527
2.513
1.697
1.879
1.916
1.938
1.764
1.717
1.727
1.730
1.931
1.929
1.400
1.556
1.436
1.460
1.420
1.381
1.446
1.426
1.546
1.542
1.031
1.070
1.058
1.169
1.123
1.039
1.038
1.049
1.153
1.144
1.118
1.245
1.250
1.284
1.142
1.117
1.108
1.148
1.238
1.259
1.941
2.173
2.156
2.105
2.116
1.953
1.935
1.953
2.165
2.141
2.753
3.081
2.838
2.929
2.882
2.733
2.754
2.753
3.054
3.062
2.174
2.469
2.269
2.276
2.289
2.184
2.163
2.232
2.446
2.454
1.371
1.544
1.530
1.382
1.477
1.406
1.391
1.416
1.553
1.540
The results of libyaml-percent-9
2.173
2.435
2.412
2.226
2.319
2.153
2.293
2.199
2.423
2.407
1.463
1.555
1.529
1.463
1.579
1.473
1.700
1.515
1.656
1.655
1.745
1.954
1.783
1.804
1.928
1.738
1.732
1.771
1.956
1.936
0.990
1.102
1.101
1.034
1.065
0.997
1.050
1.016
1.120
1.087
1.768
2.111
1.832
1.782
1.876
1.764
1.777
1.842
1.998
1.995
1.786
2.016
1.973
1.813
1.880
1.787
1.788
1.849
1.980
1.994
0.987
1.101
1.081
0.994
1.026
0.962
0.958
1.015
1.074
1.084
1.539
1.735
1.596
1.507
1.626
1.538
1.760
1.544
1.710
1.765
1.052
1.192
1.169
1.046
1.132
1.051
1.185
1.081
1.162
1.160
1.045
1.157
1.160
1.036
1.105
1.091
1.169
1.064
1.317
1.152
The results of libyaml-percent-10
2.279
2.575
2.539
2.281
2.431
2.288
2.302
2.323
2.555
2.609
1.622
1.802
1.791
1.611
1.673
1.627
1.890
1.656
1.811
1.808
1.262
1.402
1.402
1.265
1.316
1.258
1.266
1.284
1.407
1.408
2.063
2.325
2.125
2.072
2.179
2.090
2.078
2.083
2.296
2.310
1.496
1.510
1.395
1.369
1.426
1.356
1.348
1.378
1.491
1.500
2.012
2.261
2.070
2.002
2.142
2.015
2.320
1.997
2.239
2.224
1.348
1.506
1.404
1.350
1.444
1.354
1.570
1.375
1.506
1.506
2.225
2.501
2.446
2.238
2.345
2.230
2.584
2.257
2.468
2.462
1.637
1.840
1.776
1.634
1.746
1.616
1.904
1.642
1.824
1.845
1.264
1.380
1.415
1.267
1.326
1.277
1.267
1.291
1.416
1.397
The results of libyaml-percent-20
2.873
3.013
3.186
2.889
2.955
2.892
2.890
2.925
3.207
3.244
2.832
3.100
2.904
2.892
2.816
2.819
3.217
2.828
3.115
3.143
2.703
3.022
2.808
2.726
2.773
2.726
2.709
2.730
2.990
2.995
2.622
2.965
2.921
2.654
2.697
2.644
2.652
2.632
2.925
2.916
2.859
3.162
2.948
2.869
2.882
2.861
2.854
2.839
3.190
3.141
2.521
2.787
2.597
2.512
2.523
2.524
2.881
2.538
2.785
2.834
1.870
2.119
2.060
1.863
1.892
1.926
1.894
1.899
2.068
2.064
2.078
2.318
2.290
2.062
2.100
2.094
2.097
2.093
2.305
2.350
1.960
2.186
2.047
1.978
1.969
1.944
2.260
1.974
2.220
2.191
3.348
3.693
3.654
3.435
3.335
3.355
3.801
3.348
3.666
3.698
The results of libyaml-percent-30
3.014
3.335
3.316
3.091
3.058
3.020
3.413
3.029
3.350
3.335
2.781
3.102
2.816
2.887
2.760
2.759
2.927
2.769
3.063
3.067
3.876
4.057
3.980
3.965
3.871
3.906
3.967
3.904
4.322
4.277
2.939
3.231
3.217
3.126
2.940
2.948
2.992
2.937
3.254
3.301
4.040
4.472
4.098
4.332
4.023
4.054
4.134
4.050
4.538
4.534
2.938
3.261
3.214
3.151
2.945
2.967
3.016
2.996
3.285
3.257
3.293
3.711
3.551
3.503
3.304
3.288
3.362
3.386
3.652
3.672
2.791
3.106
2.853
3.005
2.814
2.809
3.104
2.800
3.106
3.136
2.478
2.748
2.570
2.666
2.491
2.479
2.609
2.471
2.748
2.753
2.972
3.306
3.183
3.178
2.945
2.929
3.231
2.963
3.277
3.276
