The results of openssl-rsa-native--1
0.762143
0.764286
0.762857
0.762143
0.762857
0.825385
0.762143
0.763571
0.762143
0.762143
0.760714
0.762143
0.763571
0.762857
0.762143
0.765000
0.762857
0.763571
0.761429
0.762857
0.763571
0.764286
0.764286
0.762143
0.761429
0.817692
0.762143
0.764286
0.763571
0.762143
0.761429
0.762143
0.762857
0.762857
0.762857
0.808462
0.762143
0.763571
0.762143
0.762143
0.762143
0.761429
0.766429
0.762857
0.762857
0.807692
0.762143
0.763571
0.761429
0.762143
0.761429
0.762143
0.762857
0.762143
0.765000
0.790000
0.761429
0.763571
0.762857
0.761429
0.764286
0.762143
0.765000
0.762857
0.762857
0.776154
0.763571
0.764286
0.762143
0.765714
0.764286
0.764286
0.764286
0.762857
0.763571
0.774615
0.762857
0.762857
0.762143
0.762143
0.763571
0.761429
0.765714
0.764286
0.762857
0.772308
0.762857
0.763571
0.761429
0.762143
0.762143
0.761429
0.766429
0.763571
0.765000
0.770769
0.762143
0.764286
0.762143
0.762857
The results of openssl-rsa-slh--1
0.875833
0.877500
0.878333
0.876667
0.877500
0.878333
0.876667
0.877500
0.875833
0.875833
0.878333
0.876667
0.878333
0.881667
0.878333
0.877500
0.899167
0.878333
0.880833
0.879167
0.879167
0.877500
0.878333
0.879167
0.879167
0.879167
0.876667
0.878333
0.879167
0.876667
0.877500
0.875833
0.877500
0.880000
0.876667
0.876667
0.876667
0.877500
0.880000
0.877500
0.876667
0.876667
0.878333
0.878333
0.877500
0.876667
0.877500
0.880833
0.878333
0.878333
0.877500
0.876667
0.878333
0.882500
0.877500
0.877500
0.879167
0.878333
0.877500
0.880000
0.877500
0.877500
0.877500
0.876667
0.879167
0.879167
0.878333
0.879167
0.877500
0.876667
0.876667
0.877500
0.877500
0.877500
0.876667
0.875833
0.879167
0.880000
0.878333
0.877500
0.875833
0.876667
0.876667
0.878333
0.876667
0.875833
0.877500
0.878333
0.879167
0.878333
0.877500
0.877500
0.879167
0.880833
0.877500
0.875833
0.903333
0.879167
0.880000
0.879167
The results of openssl-rsa-patched--1
1.618571
1.622857
1.625714
2.071667
2.026000
1.841667
1.671667
1.644286
1.635714
1.630000
1.635714
1.632857
1.635714
1.617143
1.753333
1.632857
1.700000
1.628571
1.676667
1.645714
1.618571
1.618571
1.678333
2.180000
2.008000
1.923333
1.676667
1.620000
1.634286
1.622857
1.620000
1.642857
1.645714
2.490000
1.740000
2.120000
1.621429
1.664286
1.628571
1.673333
1.624286
1.647143
1.685000
1.655714
1.647143
2.132000
1.621429
2.086000
1.655714
2.690000
1.630000
1.642857
1.745000
1.670000
1.635714
2.126000
1.627143
2.096000
1.658571
2.605000
1.618571
1.650000
1.640000
1.641429
1.630000
1.851667
1.651429
1.678333
1.655714
1.675000
1.618571
1.621429
1.641429
1.648571
1.678571
1.711667
1.647143
1.925000
1.681667
1.645714
1.625714
1.641429
1.635714
1.620000
2.650000
1.628571
1.685000
1.715000
1.686667
1.642857
1.640000
1.628571
1.630000
1.638571
1.766667
1.628571
1.691667
1.654286
1.676667
1.635714
The results of openssl-rsa-percent-0
0.757143
0.756429
0.763571
0.757143
0.859167
0.847500
0.760000
0.755000
0.765714
0.806154
0.755000
0.755714
0.755000
0.755714
0.826154
0.849167
0.757857
0.755000
0.757857
0.840000
0.757857
0.756429
0.762857
0.757857
0.857500
0.837500
0.757143
0.755714
0.765000
0.815385
0.756429
0.759286
0.756429
0.757857
0.823077
0.846667
0.757143
0.757857
0.757857
0.834167
0.756429
0.755714
0.757143
0.756429
0.847500
0.835833
0.757857
0.755714
0.755000
0.835833
0.757857
0.757857
0.756429
0.755714
0.844167
0.851667
0.755714
0.755714
0.756429
0.830000
0.757857
0.755714
0.756429
0.755714
0.845833
0.850833
0.755714
0.754286
0.757857
0.838333
0.756429
0.756429
0.758571
0.755714
0.823846
0.835833
0.757857
0.757143
0.755000
0.831538
0.757857
0.755714
0.757857
0.756429
0.843333
0.850000
0.758571
0.755714
0.757857
0.839167
0.756429
0.757143
0.757857
0.755714
0.823846
0.848333
0.756429
0.757857
0.757857
0.832308
The results of openssl-rsa-percent-1
0.763571
0.763571
0.765000
0.763571
0.849167
0.843333
0.762857
0.763571
0.762857
0.849167
0.752143
0.753571
0.752857
0.752857
0.813846
0.834167
0.753571
0.752857
0.752857
0.865833
0.763571
0.763571
0.765000
0.763571
0.834615
0.842500
0.763571
0.763571
0.765000
0.850833
0.755000
0.756429
0.758571
0.757857
0.842500
0.839167
0.755714
0.757857
0.758571
0.836667
0.762143
0.763571
0.764286
0.764286
0.836154
0.844167
0.761429
0.764286
0.762143
0.863333
0.755000
0.756429
0.755714
0.755000
0.840833
0.839167
0.756429
0.756429
0.757857
0.878333
0.802308
0.801538
0.803077
0.801538
0.882500
0.904167
0.803077
0.802308
0.802308
0.921818
0.762143
0.765000
0.764286
0.762143
0.836667
0.844167
0.765000
0.761429
0.763571
0.877500
0.785385
0.787692
0.786923
0.786923
0.854167
0.884167
0.785385
0.783846
0.784615
0.889167
0.752857
0.755000
0.752857
0.754286
0.813846
0.843333
0.752857
0.753571
0.752857
0.854167
The results of openssl-rsa-percent-2
0.784615
0.784615
0.785385
0.783077
0.839167
0.870833
0.783077
0.783077
0.782308
0.903333
0.755714
0.756429
0.757857
0.767143
0.810000
0.757857
0.767143
0.790769
0.776923
0.755000
0.791538
0.794615
0.793846
0.791538
0.845833
0.878333
0.791538
0.791538
0.792308
0.900000
0.764286
0.765000
0.769286
0.765000
0.813077
0.850000
0.764286
0.764286
0.765000
0.870000
0.764286
0.762857
0.776923
0.767143
0.811538
0.845833
0.762143
0.762143
0.762857
0.879167
0.761429
0.775385
0.762857
0.764286
0.765714
0.767857
0.763571
0.762143
0.762143
0.764286
0.762143
0.762857
0.764286
0.764286
0.776923
0.770769
0.766429
0.762857
0.763571
0.763571
0.762857
0.763571
0.765000
0.765714
0.793846
0.765000
0.766429
0.819231
0.785385
0.764286
0.756429
0.757857
0.757857
0.759286
0.800769
0.757857
0.761429
0.756429
0.766429
0.755714
0.764286
0.767143
0.765000
0.767857
0.815385
0.764286
0.775385
0.766429
0.786154
0.765714
The results of openssl-rsa-percent-3
0.764286
0.763571
0.764286
0.765714
0.814615
0.765000
0.776923
0.762143
0.773846
0.761429
0.765000
0.766429
0.767143
0.798462
0.844167
0.764286
0.780769
0.768571
0.765000
0.765000
0.764286
0.762857
0.764286
0.774615
0.820000
0.762857
0.773846
0.764286
0.773846
0.762857
0.757143
0.760000
0.756429
0.772308
0.812308
0.757857
0.770000
0.759286
0.778462
0.757143
0.793846
0.795385
0.795385
0.798462
0.849167
0.796923
0.806923
0.793846
0.804615
0.794615
0.762143
0.764286
0.766429
0.774615
0.818462
0.762143
0.770769
0.766429
0.783077
0.762143
0.798462
0.799231
0.800769
0.802308
0.856667
0.798462
0.810769
0.803077
0.810000
0.798462
0.822308
0.823846
0.823077
0.835833
0.889167
0.822308
0.834167
0.823077
0.833333
0.821538
0.751429
0.752857
0.753571
0.765000
0.811538
0.751429
0.760714
0.754286
0.750714
0.751429
0.763571
0.764286
0.767857
0.776923
0.834167
0.765000
0.779231
0.764286
0.764286
0.763571
The results of openssl-rsa-percent-4
0.790769
0.793077
0.793846
0.795385
0.884167
0.790769
0.807692
0.791538
0.792308
0.791538
1.434286
1.492857
1.434286
1.437143
1.434286
1.434286
1.484286
1.437143
1.438571
1.435714
0.762143
0.762857
0.766429
0.774615
0.861667
0.762857
0.779231
0.763571
0.763571
0.761429
0.803077
0.806154
0.804615
0.808462
0.919091
0.805385
0.825385
0.803077
0.805385
0.803846
0.765714
0.769286
0.765714
0.770000
0.878333
0.767143
0.785385
0.765000
0.767143
0.765714
0.765714
0.764286
0.764286
0.776923
0.881667
0.764286
0.784615
0.765000
0.765714
0.765714
0.762857
0.767857
0.765714
0.776923
0.875833
0.764286
0.785385
0.763571
0.767857
0.765714
0.763571
0.767143
0.766429
0.777692
0.871667
0.764286
0.789231
0.765714
0.766429
0.765714
0.793077
0.795385
0.793846
0.794615
0.890833
0.793077
0.819231
0.791538
0.794615
0.793077
0.757857
0.787692
0.757857
0.758571
0.759286
0.759286
0.788462
0.759286
0.758571
0.757857
The results of openssl-rsa-percent-5
0.762857
0.793846
0.762857
0.761429
0.761429
0.762143
0.788462
0.762857
0.765000
0.762143
0.762857
0.842500
0.762143
0.762857
0.765714
0.912727
0.786154
0.765000
0.860000
0.763571
0.785385
0.820000
0.787692
0.786154
0.786154
0.786923
0.811538
0.785385
0.790000
0.788462
1.397500
1.468571
1.397500
1.396250
1.397500
1.396250
1.447143
1.395000
1.430000
1.396250
0.802308
0.834167
0.801538
0.801538
0.800769
0.819231
0.844167
0.806923
0.830769
0.800769
0.805385
0.843333
0.805385
0.806154
0.806923
0.806923
0.848333
0.808462
0.856667
0.804615
0.779231
0.819231
0.776923
0.780000
0.780000
0.776923
0.820000
0.776154
0.810000
0.776923
0.760000
0.796154
0.759286
0.760714
0.761429
0.761429
0.804615
0.760714
0.790769
0.760000
0.792308
0.869167
0.792308
0.792308
0.793846
0.793077
0.836667
0.792308
0.826923
0.793077
0.779231
0.858333
0.780000
0.778462
0.781538
0.931818
0.805385
0.782308
0.880000
0.779231
The results of openssl-rsa-percent-6
0.850000
0.920000
0.848333
0.848333
1.010000
0.850000
0.876667
0.850833
0.942727
0.850000
0.939091
0.830769
0.831538
0.831538
0.833077
0.830769
0.887500
0.833077
0.847500
0.833077
1.611429
1.430000
1.402500
1.401250
1.401250
1.405000
1.518571
1.401250
1.484286
1.400000
0.922727
0.804615
0.796923
0.795385
0.794615
0.795385
0.824615
0.796154
0.840000
0.794615
0.883333
0.765000
0.764286
0.765000
0.763571
0.763571
0.765714
0.763571
0.794615
0.765714
0.888333
0.775385
0.773846
0.773077
0.772308
0.773077
0.839167
0.773846
0.803077
0.773077
0.859167
0.760000
0.761429
0.759286
0.757857
0.760714
0.827692
0.757857
0.782308
0.758571
0.864167
0.767857
0.769286
0.767857
0.772308
0.786923
0.821538
0.770000
0.795385
0.768571
0.856667
0.756429
0.758571
0.757143
0.758571
0.758571
0.848333
0.755714
0.775385
0.756429
0.865000
0.763571
0.764286
0.765000
0.764286
0.764286
0.858333
0.764286
0.783077
0.765000
The results of openssl-rsa-percent-7
0.857500
0.765000
0.766429
0.765000
0.767143
0.765714
0.817692
0.765714
0.786154
0.764286
0.942727
0.841667
0.840833
0.840833
0.841667
0.840000
0.900000
0.843333
0.848333
0.839167
0.908333
0.803846
0.803077
0.803077
0.803846
0.803077
0.903333
0.805385
0.822308
0.803077
0.909091
0.800769
0.803077
0.802308
0.801538
0.801538
0.858333
0.803846
0.823077
0.802308
1.676667
1.484286
1.482857
1.484286
1.484286
1.485714
1.671667
1.488571
1.505714
1.485714
0.875000
0.781538
0.783077
0.780000
0.780769
0.782308
0.880833
0.780000
0.793846
0.783077
0.917273
0.816154
0.816923
0.816923
0.816154
0.817692
0.870833
0.816923
0.834167
0.817692
0.881667
0.780769
0.780000
0.780769
0.780000
0.781538
0.833333
0.781538
0.798462
0.781538
0.865000
0.765714
0.765714
0.765714
0.767143
0.766429
0.820000
0.765714
0.780769
0.767143
0.860833
0.763571
0.764286
0.763571
0.763571
0.763571
0.863333
0.762857
0.770000
0.765000
The results of openssl-rsa-percent-8
0.891667
0.794615
0.794615
0.796154
0.796923
0.793846
0.850000
0.797692
0.800769
0.796154
0.925455
0.826923
0.823077
0.824615
0.840000
0.840000
0.932727
0.825385
0.825385
0.846667
0.859167
0.772308
0.773077
0.770769
0.771538
0.771538
0.870000
0.772308
0.781538
0.770769
0.910000
0.818462
0.819231
0.817692
0.817692
0.819231
0.875000
0.820000
0.827692
0.819231
0.895833
0.798462
0.796923
0.798462
0.797692
0.796923
0.854167
0.800000
0.806154
0.815385
0.874167
0.778462
0.778462
0.778462
0.778462
0.777692
0.835000
0.778462
0.789231
0.776923
0.866667
0.770000
0.771538
0.773846
0.771538
0.772308
0.828462
0.774615
0.782308
0.774615
0.856667
0.766429
0.765000
0.763571
0.764286
0.764286
0.861667
0.765714
0.770000
0.763571
0.861667
0.773846
0.773846
0.773077
0.772308
0.773077
0.870833
0.772308
0.779231
0.773077
0.904167
0.811538
0.813077
0.813077
0.813077
0.813846
0.871667
0.815385
0.820769
0.812308
The results of openssl-rsa-percent-9
0.904167
0.810000
0.806923
0.807692
0.822308
0.836667
0.866667
0.807692
0.808462
0.816923
0.873333
0.808462
0.806923
0.814615
0.821538
0.920000
0.833333
0.806154
0.808462
0.813846
0.849167
0.761429
0.758571
0.760714
0.778462
0.785385
0.816154
0.758571
0.760714
0.779231
0.948182
0.853333
0.855000
0.853333
0.873333
0.900000
0.916364
0.853333
0.853333
0.860833
0.853333
0.765714
0.766429
0.765714
0.781538
0.812308
0.825385
0.765000
0.765714
0.786154
0.858333
0.767857
0.767143
0.772857
0.783846
0.828462
0.812308
0.767143
0.767143
0.788462
0.826154
0.757857
0.756429
0.763571
0.776154
0.803846
0.826923
0.760000
0.757143
0.778462
0.839167
0.770000
0.769231
0.777692
0.786154
0.830769
0.839167
0.769231
0.771538
0.778462
0.879167
0.805385
0.805385
0.818462
0.823077
0.889167
0.847500
0.804615
0.806154
0.811538
0.883333
0.818462
0.818462
0.829231
0.838333
0.907500
0.847500
0.818462
0.820000
0.841667
The results of openssl-rsa-percent-10
0.850000
0.785385
0.786154
0.787692
0.785385
0.843333
0.784615
0.787692
0.789231
0.785385
1.381250
1.382500
1.385000
1.465714
1.416250
1.571429
1.382500
1.383750
1.382500
1.385000
0.776923
0.762143
0.764286
0.763571
0.763571
0.796923
0.764286
0.762857
0.767143
0.763571
0.851667
0.844167
0.840833
0.842500
0.844167
0.843333
0.840833
0.841667
0.840833
0.841667
1.423750
1.412500
1.413750
1.415000
1.415000
1.417500
1.610000
1.412500
1.412500
1.415000
0.805385
0.797692
0.797692
0.796923
0.800000
0.799231
0.919091
0.797692
0.796923
0.796154
0.773077
0.762857
0.777692
0.762143
0.797692
0.762143
0.782308
0.765714
0.762143
0.767143
0.821538
0.813846
0.833333
0.816154
0.943636
0.836923
0.816154
0.812308
0.815385
0.814615
0.767857
0.762143
0.762143
0.783846
0.878333
0.806154
0.762143
0.761429
0.762143
0.762857
0.760000
0.759286
0.760714
0.793846
0.850000
0.817692
0.760000
0.760714
0.760000
0.760000
The results of openssl-rsa-percent-20
0.835000
0.837500
0.835833
0.928182
0.856667
0.931818
0.835833
0.835000
0.835000
0.835833
1.395000
1.393750
1.395000
1.396250
1.397500
1.508571
1.395000
1.396250
1.395000
1.397500
0.806154
0.804615
0.805385
0.863333
0.806154
0.958182
0.807692
0.805385
0.805385
0.805385
0.821538
0.823846
0.823846
0.830000
0.820769
0.964545
0.823077
0.959091
0.822308
0.823846
0.807692
0.808462
0.808462
0.810769
0.809231
0.899167
0.810000
0.810769
0.808462
0.845000
0.810000
0.813077
0.811538
0.812308
0.813077
0.868333
0.811538
0.813077
0.811538
0.851667
0.828462
0.829231
0.829231
0.828462
0.830000
0.906667
0.830000
0.828462
0.830000
0.865000
1.448571
1.448571
1.454286
1.451429
1.451429
1.584286
1.450000
1.455714
1.450000
1.462857
0.900000
0.900833
0.901667
0.900000
0.899167
1.006000
0.900000
0.900833
0.898333
0.905000
1.425000
1.421250
1.423750
1.426250
1.422500
1.537143
1.421250
1.427500
1.423750
1.423750
The results of openssl-rsa-percent-30
1.525714
1.524286
1.525714
1.525714
1.528571
1.631429
1.525714
1.530000
1.524286
1.530000
0.916364
0.915455
0.919091
0.915455
0.919091
0.983636
0.918182
0.919091
0.918182
0.918182
0.897500
0.899167
0.897500
0.898333
0.897500
0.978182
0.899167
0.903333
0.896667
0.899167
1.485714
1.485714
1.488571
1.485714
1.485714
1.602857
1.488571
1.494286
1.485714
1.490000
1.491429
1.491429
1.495714
1.491429
1.491429
1.600000
1.492857
1.497143
1.490000
1.492857
1.457143
1.455714
1.457143
1.455714
1.457143
1.571429
1.455714
1.455714
1.454286
1.458571
1.458571
1.458571
1.462857
1.458571
1.458571
1.552857
1.460000
1.464286
1.460000
1.460000
1.457143
1.454286
1.457143
1.457143
1.458571
1.552857
1.455714
1.458571
1.455714
1.457143
0.838333
0.838333
0.839167
0.840000
0.838333
0.900833
0.839167
0.840833
0.838333
0.839167
0.886667
0.886667
0.889167
0.886667
0.889167
0.951818
0.886667
0.891667
0.885833
0.887500
