The results of openssl-dsa-native--1
0.000980
0.000955
0.000936
0.000962
0.000994
0.001339
0.000950
0.000934
0.000964
0.001300
0.000975
0.000956
0.000935
0.000963
0.001832
0.001508
0.001070
0.000979
0.000960
0.000977
0.000969
0.000956
0.000947
0.000963
0.000994
0.001101
0.000950
0.000947
0.000965
0.001299
0.000966
0.000955
0.000935
0.000927
0.000996
0.001104
0.001059
0.000948
0.000971
0.001283
0.000976
0.000955
0.000946
0.000962
0.000999
0.001361
0.000952
0.000948
0.000962
0.000981
0.000964
0.000955
0.000937
0.000966
0.000996
0.001366
0.000951
0.000947
0.000963
0.000981
0.000974
0.000955
0.000946
0.000927
0.001765
0.001370
0.001069
0.000934
0.000972
0.000980
0.000973
0.000956
0.000936
0.000927
0.000998
0.001452
0.000952
0.000933
0.000966
0.001264
0.000964
0.000955
0.000935
0.000928
0.001786
0.001505
0.000951
0.000948
0.000964
0.001259
0.000972
0.000956
0.000945
0.000928
0.001820
0.001151
0.001071
0.000941
0.000961
0.000980
The results of openssl-dsa-slh--1
0.001224
0.001206
0.001196
0.001170
0.001263
0.001899
0.001356
0.001285
0.001184
0.001488
0.001239
0.001181
0.001202
0.001172
0.002225
0.001457
0.001505
0.001197
0.001213
0.001222
0.001225
0.001198
0.001193
0.001172
0.002316
0.001901
0.001206
0.001197
0.001182
0.001222
0.001228
0.001194
0.001198
0.001170
0.001263
0.001462
0.001209
0.001317
0.001184
0.001468
0.001229
0.001184
0.001177
0.001214
0.002248
0.001899
0.001421
0.001197
0.001183
0.001225
0.001209
0.001194
0.001195
0.001219
0.002224
0.001899
0.001423
0.001326
0.001216
0.001411
0.001214
0.001193
0.001181
0.001214
0.002223
0.001905
0.001210
0.001198
0.001211
0.001219
0.001212
0.001199
0.001196
0.001171
0.002245
0.001898
0.001432
0.001367
0.001211
0.001218
0.001212
0.001199
0.001176
0.001169
0.002226
0.001896
0.001214
0.001198
0.001212
0.001320
0.001240
0.001193
0.001179
0.001172
0.002231
0.001455
0.001213
0.001197
0.001213
0.001223
The results of openssl-dsa-patched--1
0.002460
0.002372
0.002378
0.002415
0.004411
0.002889
0.002425
0.002378
0.002405
0.002568
0.002399
0.002390
0.002819
0.002424
0.002752
0.002936
0.002457
0.002378
0.002771
0.005000
0.002459
0.002376
0.002345
0.002324
0.004407
0.002885
0.003053
0.002379
0.002406
0.003321
0.002459
0.002383
0.002344
0.002324
0.004312
0.002883
0.002430
0.002380
0.002407
0.003575
0.002401
0.002350
0.002394
0.002418
0.002417
0.003775
0.002432
0.002383
0.002412
0.004861
0.002459
0.002388
0.002393
0.002325
0.002707
0.003775
0.002435
0.002964
0.002787
0.002487
0.002401
0.002394
0.002393
0.002325
0.002420
0.003776
0.003211
0.002376
0.002414
0.004919
0.002453
0.002390
0.002393
0.002423
0.002422
0.003769
0.002447
0.002378
0.002760
0.002493
0.002400
0.002389
0.002392
0.002424
0.002422
0.003772
0.002447
0.002377
0.002762
0.005005
0.002446
0.002389
0.002393
0.002325
0.002736
0.003768
0.002450
0.002849
0.002420
0.005003
The results of openssl-dsa-percent-0
0.000921
0.000920
0.000921
0.000922
0.000920
0.000921
0.000922
0.000921
0.000926
0.000922
0.000919
0.000919
0.001470
0.000953
0.000997
0.001196
0.000941
0.000943
0.000944
0.001109
0.000919
0.000919
0.000920
0.000923
0.000920
0.000919
0.000919
0.000921
0.000923
0.000922
0.000919
0.000920
0.000923
0.000932
0.001093
0.000919
0.000928
0.000927
0.000919
0.000933
0.000919
0.000921
0.000923
0.000926
0.001135
0.000919
0.001180
0.000922
0.000920
0.000922
0.000921
0.000921
0.000925
0.000927
0.001135
0.000921
0.001121
0.000936
0.000928
0.000925
0.000920
0.000921
0.001058
0.001391
0.001132
0.001117
0.000942
0.001067
0.000919
0.000933
0.000919
0.000920
0.001110
0.001465
0.001078
0.001154
0.000920
0.001184
0.000922
0.000962
0.000919
0.000923
0.000948
0.000950
0.001053
0.001194
0.000943
0.000943
0.000922
0.000946
0.000919
0.000975
0.000950
0.000952
0.001013
0.001183
0.000921
0.001190
0.000933
0.001097
The results of openssl-dsa-percent-1
0.000922
0.000924
0.000953
0.000957
0.000987
0.001211
0.000945
0.000947
0.000950
0.001121
0.000945
0.000962
0.000983
0.001344
0.000996
0.001214
0.000944
0.000966
0.000966
0.001290
0.000946
0.000949
0.001503
0.001404
0.001012
0.001232
0.000948
0.000978
0.000964
0.001146
0.000920
0.000919
0.000950
0.000954
0.000980
0.001199
0.000941
0.001197
0.000945
0.001132
0.000928
0.000932
0.001479
0.000961
0.000990
0.001211
0.000949
0.001204
0.000955
0.000959
0.000933
0.000939
0.000967
0.001358
0.000993
0.001218
0.000935
0.001212
0.000961
0.000964
0.001034
0.001042
0.001632
0.001500
0.001099
0.001330
0.001057
0.001059
0.001054
0.001068
0.000923
0.000925
0.001459
0.001339
0.000980
0.001191
0.000948
0.000946
0.000952
0.001156
0.000949
0.000949
0.000979
0.001361
0.001006
0.001221
0.000949
0.001233
0.000970
0.001192
0.000932
0.000945
0.001439
0.000965
0.000986
0.001213
0.000938
0.001209
0.000961
0.000964
The results of openssl-dsa-percent-2
0.001024
0.001031
0.001067
0.001458
0.001080
0.001336
0.001046
0.001324
0.001049
0.001065
0.000940
0.000952
0.001075
0.000989
0.000947
0.001214
0.000958
0.000959
0.000966
0.001659
0.001028
0.001044
0.001511
0.001453
0.001083
0.001339
0.001051
0.001053
0.001054
0.001432
0.000954
0.000967
0.000987
0.000987
0.000983
0.001228
0.000955
0.001235
0.000981
0.000995
0.000932
0.000940
0.001288
0.000968
0.000946
0.001198
0.000953
0.000954
0.000957
0.001370
0.000930
0.000938
0.000958
0.000962
0.000942
0.001196
0.000948
0.000950
0.000955
0.000973
0.000946
0.000959
0.001269
0.001311
0.000957
0.001220
0.000972
0.000966
0.000972
0.000989
0.000938
0.000948
0.001234
0.001249
0.000945
0.001209
0.000938
0.000960
0.000963
0.001584
0.000925
0.000948
0.000949
0.001175
0.000931
0.001193
0.000944
0.000954
0.000953
0.000976
0.000952
0.000972
0.000977
0.001168
0.000958
0.001233
0.000953
0.000976
0.000979
0.001007
The results of openssl-dsa-percent-3
0.000953
0.000974
0.000966
0.000974
0.000966
0.001242
0.000972
0.000988
0.000976
0.001241
0.000966
0.000983
0.000981
0.000982
0.000974
0.001200
0.000983
0.001217
0.000984
0.000984
0.000930
0.000944
0.000940
0.000943
0.000937
0.001199
0.000929
0.001189
0.000956
0.000943
0.000945
0.000958
0.000953
0.000958
0.000960
0.001214
0.000959
0.000966
0.000974
0.001119
0.000986
0.001004
0.000998
0.001005
0.001000
0.001256
0.001006
0.001021
0.001021
0.000999
0.000939
0.000950
0.000946
0.000956
0.000947
0.001180
0.000953
0.000962
0.000953
0.001036
0.001047
0.001082
0.001059
0.001065
0.001056
0.001315
0.001068
0.001328
0.001088
0.001134
0.001097
0.001110
0.001104
0.001111
0.001102
0.001411
0.001094
0.001124
0.001136
0.001139
0.000934
0.000941
0.000945
0.000950
0.000947
0.001200
0.000953
0.000961
0.000972
0.000950
0.000932
0.000942
0.000953
0.000950
0.000941
0.001144
0.000955
0.000962
0.000951
0.000949
The results of openssl-dsa-percent-4
0.001018
0.001032
0.001032
0.001026
0.001030
0.001196
0.001255
0.001050
0.001058
0.001030
0.001464
0.001467
0.001455
0.001465
0.001528
0.001459
0.001929
0.001477
0.001518
0.001471
0.000939
0.000951
0.000945
0.000945
0.000937
0.001084
0.001165
0.001174
0.000950
0.000942
0.001038
0.001054
0.001053
0.001052
0.001079
0.001167
0.001059
0.001073
0.001083
0.001049
0.000957
0.000955
0.000967
0.000962
0.001019
0.000983
0.001309
0.001194
0.000974
0.000965
0.000969
0.000962
0.000972
0.000969
0.000985
0.000977
0.001343
0.001200
0.000978
0.000967
0.000961
0.000975
0.000972
0.000963
0.000992
0.000968
0.001357
0.001202
0.000982
0.000972
0.000954
0.000953
0.000961
0.000964
0.001017
0.000958
0.001274
0.000988
0.000993
0.000965
0.001014
0.001004
0.001010
0.001016
0.001725
0.001009
0.001052
0.001034
0.001047
0.001014
0.000976
0.000978
0.000970
0.000975
0.001401
0.000965
0.001011
0.001026
0.001009
0.000980
The results of openssl-dsa-percent-5
0.000941
0.000953
0.000944
0.000940
0.001340
0.000948
0.000982
0.000957
0.000974
0.000955
0.001025
0.001017
0.001011
0.001017
0.001028
0.001019
0.001230
0.001025
0.001050
0.001019
0.001046
0.001044
0.001036
0.001041
0.001080
0.001041
0.001213
0.001046
0.001066
0.001047
0.001404
0.001418
0.001403
0.001400
0.001465
0.001403
0.001662
0.001420
0.001451
0.001415
0.001036
0.001024
0.001024
0.001030
0.001065
0.001030
0.001213
0.001034
0.001072
0.001035
0.001047
0.001036
0.001033
0.001042
0.001075
0.001032
0.001238
0.001047
0.001081
0.001046
0.001034
0.001022
0.001020
0.001029
0.001060
0.001032
0.001223
0.001033
0.001067
0.001032
0.000984
0.000974
0.000980
0.000978
0.001007
0.000981
0.001163
0.000988
0.001006
0.000978
0.001031
0.001023
0.001020
0.001014
0.001265
0.001025
0.001220
0.001025
0.001061
0.001024
0.000966
0.000956
0.000952
0.000951
0.001150
0.000963
0.001153
0.000966
0.000996
0.000963
The results of openssl-dsa-percent-6
0.001124
0.001118
0.001107
0.001107
0.001117
0.001117
0.001356
0.001111
0.001160
0.001116
0.001099
0.001093
0.001092
0.001095
0.001091
0.001082
0.001096
0.001098
0.001115
0.001088
0.001436
0.001439
0.001424
0.001422
0.001438
0.001439
0.001501
0.001439
0.001490
0.001432
0.001073
0.001071
0.001056
0.001056
0.001070
0.001057
0.001065
0.001055
0.001106
0.001056
0.000958
0.000952
0.000954
0.000954
0.000956
0.000948
0.000973
0.000958
0.000993
0.000954
0.001015
0.001010
0.001011
0.001059
0.001011
0.001002
0.001014
0.001008
0.001046
0.001001
0.000968
0.000965
0.000965
0.000963
0.000964
0.000966
0.000962
0.000969
0.001006
0.000955
0.000983
0.000974
0.000968
0.000982
0.000976
0.000968
0.000978
0.000970
0.000996
0.000963
0.000965
0.000955
0.000958
0.000960
0.000962
0.000958
0.000963
0.000962
0.000978
0.000950
0.000988
0.000986
0.000975
0.001197
0.000985
0.000987
0.000980
0.000989
0.001037
0.000975
The results of openssl-dsa-percent-7
0.000999
0.000997
0.000986
0.001001
0.000994
0.000985
0.000998
0.001000
0.001022
0.000993
0.001123
0.001117
0.001314
0.001126
0.001115
0.001107
0.001110
0.001123
0.001188
0.001113
0.001105
0.001096
0.001098
0.001366
0.001105
0.001091
0.001093
0.001089
0.001123
0.001097
0.001060
0.001052
0.001044
0.001308
0.001051
0.001041
0.001055
0.001042
0.001109
0.001044
0.001569
0.001563
0.001548
0.001950
0.001561
0.001548
0.001567
0.001570
0.001590
0.001548
0.001041
0.001033
0.001034
0.001302
0.001032
0.001034
0.001029
0.001038
0.001099
0.001028
0.001117
0.001111
0.001174
0.001117
0.001108
0.001099
0.001103
0.001100
0.001124
0.001104
0.001074
0.001069
0.001069
0.001353
0.001066
0.001057
0.001060
0.001057
0.001133
0.001057
0.000997
0.000991
0.000996
0.001258
0.000989
0.000982
0.000994
0.000997
0.001053
0.000991
0.000977
0.000973
0.000973
0.001241
0.000971
0.000970
0.000973
0.000964
0.001032
0.000961
The results of openssl-dsa-percent-8
0.001040
0.001035
0.001043
0.001056
0.001035
0.001025
0.001028
0.001025
0.001096
0.001032
0.001140
0.001148
0.001175
0.001191
0.001130
0.001335
0.001140
0.001142
0.001211
0.001125
0.000990
0.000988
0.001254
0.000996
0.000986
0.000981
0.000990
0.000996
0.001017
0.000985
0.001093
0.001092
0.001104
0.001425
0.001090
0.001080
0.001085
0.001082
0.001131
0.001086
0.001076
0.001074
0.001406
0.001454
0.001072
0.001062
0.001077
0.001077
0.001116
0.001064
0.001052
0.001050
0.001406
0.001488
0.001042
0.001046
0.001049
0.001052
0.001086
0.001041
0.001057
0.001046
0.001062
0.001542
0.001044
0.001044
0.001038
0.001055
0.001088
0.001044
0.001075
0.001067
0.001086
0.001111
0.001066
0.001065
0.001069
0.001071
0.001110
0.001055
0.001013
0.001007
0.001559
0.001598
0.001004
0.001005
0.000998
0.001017
0.001054
0.000996
0.001157
0.001151
0.001762
0.001811
0.001149
0.001148
0.001154
0.001161
0.001212
0.001139
The results of openssl-dsa-percent-9
0.001115
0.001115
0.001148
0.001712
0.001109
0.001371
0.001112
0.001251
0.001136
0.001104
0.001100
0.001120
0.001474
0.001122
0.001093
0.001858
0.001102
0.001105
0.001147
0.001085
0.001011
0.001026
0.001045
0.001508
0.001007
0.001256
0.001002
0.001019
0.001083
0.001003
0.001210
0.001226
0.001247
0.001244
0.001198
0.001619
0.001208
0.001212
0.001234
0.001201
0.000978
0.000996
0.001014
0.001007
0.000974
0.001338
0.000981
0.000984
0.001000
0.000968
0.001020
0.001035
0.001050
0.001424
0.001019
0.001407
0.001019
0.001179
0.001073
0.001005
0.001023
0.001044
0.001573
0.001052
0.001024
0.001068
0.001027
0.001035
0.001043
0.001015
0.001054
0.001073
0.001088
0.001075
0.001046
0.001095
0.001041
0.001067
0.001071
0.001040
0.001081
0.001089
0.001114
0.001102
0.001076
0.001619
0.001080
0.001084
0.001096
0.001074
0.001172
0.001182
0.001201
0.001192
0.001169
0.001238
0.001174
0.001341
0.001224
0.001167
The results of openssl-dsa-percent-10
0.001059
0.001080
0.001421
0.001328
0.001055
0.001841
0.001063
0.001305
0.001066
0.001045
0.001472
0.001470
0.001434
0.001438
0.001430
0.001494
0.001423
0.001795
0.001511
0.001449
0.000985
0.001005
0.001318
0.000998
0.000979
0.001911
0.000972
0.000998
0.001012
0.000982
0.001185
0.001206
0.001577
0.001192
0.001174
0.002320
0.001169
0.001189
0.001187
0.001178
0.001507
0.001530
0.002000
0.001757
0.001508
0.001678
0.001521
0.001890
0.001547
0.001512
0.001106
0.001122
0.001408
0.001271
0.001104
0.001232
0.001097
0.001396
0.001127
0.001109
0.001053
0.001061
0.001258
0.001034
0.001031
0.001145
0.001022
0.001297
0.001052
0.001034
0.001085
0.001100
0.001284
0.001117
0.001084
0.001205
0.001077
0.001374
0.001094
0.001086
0.001032
0.001025
0.001013
0.001013
0.001009
0.001758
0.001012
0.001032
0.001043
0.001017
0.001024
0.001039
0.001023
0.001025
0.001015
0.001079
0.001021
0.001045
0.001071
0.001032
The results of openssl-dsa-percent-20
0.001217
0.001208
0.001181
0.001177
0.001175
0.001216
0.001178
0.001478
0.001241
0.001413
0.001562
0.001542
0.001504
0.001524
0.001506
0.001708
0.002358
0.001868
0.001540
0.002061
0.001191
0.001192
0.001169
0.001171
0.001166
0.001674
0.001169
0.001201
0.001227
0.001404
0.001207
0.001203
0.001178
0.001175
0.001171
0.001199
0.001180
0.001463
0.001203
0.001197
0.001211
0.001208
0.001179
0.001187
0.001180
0.001180
0.001207
0.001470
0.001205
0.001467
0.001175
0.001132
0.001104
0.001109
0.001105
0.001108
0.001113
0.001379
0.001165
0.001128
0.001247
0.001235
0.001203
0.001211
0.001205
0.001206
0.001768
0.001496
0.001264
0.001508
0.001703
0.001655
0.001613
0.001614
0.001622
0.001683
0.002571
0.002010
0.001699
0.001654
0.001443
0.001424
0.001388
0.001406
0.001393
0.001460
0.002206
0.001726
0.001435
0.001833
0.001660
0.001639
0.001602
0.001618
0.001601
0.001968
0.002506
0.001990
0.001638
0.002172
The results of openssl-dsa-percent-30
0.001886
0.001869
0.001816
0.001839
0.001819
0.002076
0.002834
0.002259
0.001907
0.001882
0.001515
0.001471
0.001451
0.001477
0.002559
0.001694
0.001539
0.001455
0.001529
0.002003
0.001453
0.001444
0.001399
0.001390
0.001396
0.001610
0.002171
0.001434
0.001432
0.001449
0.001756
0.001735
0.001693
0.001678
0.001686
0.001950
0.002609
0.001724
0.001731
0.002516
0.001796
0.001772
0.001738
0.001719
0.001733
0.002004
0.002667
0.001912
0.001829
0.001805
0.001723
0.001724
0.001670
0.001649
0.001668
0.001930
0.002548
0.001706
0.001698
0.001773
0.001803
0.001755
0.001714
0.001695
0.001724
0.001985
0.002160
0.001708
0.001909
0.001822
0.001689
0.001663
0.001632
0.001615
0.001674
0.002266
0.001650
0.001619
0.001820
0.002463
0.001307
0.001298
0.001269
0.001290
0.001817
0.001794
0.001486
0.001273
0.001410
0.001327
0.001414
0.001394
0.001377
0.001352
0.001432
0.001944
0.001380
0.001359
0.001489
0.001931
